({mode:1,count:2467,totalPage:9,page:1,ts:[10002],lt:2,n3:false,dw:[2,4,7],isl:7,nsl:22,bnl:6,bnc:[1,2,3,4,5,6,7,8,9,10,11,12,13,14,15,16,17,18,19,20,21,22,23,24,25,26,27,28,29,30,31,32,33],snl:1,snc:[1,2,3,4,5,6,7,8,9,10,11,12,13,14,15,16],nc:false,mc:true,data:[{it:"19-09-15",iss:"2019108",n:"07
13 19 22 25 32 + 13",nr:"19 32 13 25 22 07 +
13",bn:[7,13,19,22,25,32],sn:[13],hello[4,1,6,5,4,1,0,1,7,14,10,5,0,2,3,4,3,4,0,6,5,0,1,4,0,3,1,13,5,2,7,0,2],[3,1,24,18,7,14,28,8,10,4,12,5,0,2,31,29]beautiful:[["118","131"]],io:2019108},{it:"19-09-12",iss:"2019107",n:"02
06 08 23 27 32 + 02",nr:"06 08 02 32 23 27 +
02",bn:[2,6,8,23,27,32],sn:[2],hello[3,0,5,4,3,0,8,0,6,13,9,4,2,1,2,3,2,3,12,5,4,1,0,3,10,2,0,12,4,1,6,0,1],[2,0,23,17,6,13,27,7,9,3,11,4,19,1,30,28]beautiful:[["98","100"]],io:2019107},{it:"19-09-10",iss:"2019106",n:"02
14 22 27 30 33 + 14",nr:"22 14 33 30 27 02 +
14",bn:[2,14,22,27,30,33],sn:[14],hello[2,0,4,3,2,16,7,4,5,12,8,3,1,0,1,2,1,2,11,4,3,0,7,2,9,1,0,11,3,0,5,4,0],[1,13,22,16,5,12,26,6,8,2,10,3,18,0,29,27]beautiful:[["128","142"]],io:2019106},{it:"19-09-08",iss:"2019105",n:"02
13 15 17 26 33 + 01",nr:"17 33 26 13 15 02 +
01",bn:[2,13,15,17,26,33],sn:[1],hello[1,0,3,2,1,15,6,3,4,11,7,2,0,2,0,1,0,1,10,3,2,6,6,1,8,0,2,10,2,5,4,3,0],[0,12,21,15,4,11,25,5,7,1,9,2,17,29,28,26]beautiful:[["106","107"]],io:2019105},{it:"19-09-05",iss:"2019104",n:"01
05 16 17 18 24 + 10",nr:"24 01 16 05 17 18 +
10",bn:[1,5,16,17,18,24],sn:[10],hello[0,9,2,1,0,14,5,2,3,10,6,1,4,1,16,0,0,0,9,2,1,5,5,0,7,6,1,9,1,4,3,2,3],[9,11,20,14,3,10,24,4,6,0,8,1,16,28,27,25]beautiful:[["81","91"]],io:2019104},{it:"19-09-03",iss:"2019103",n:"04
12 14 21 27 29 + 12",nr:"21 27 14 04 29 12 +
12",bn:[4,12,14,21,27,29],sn:[12],hello[2,8,1,0,6,13,4,1,2,9,5,0,3,0,15,1,5,6,8,1,0,4,4,6,6,5,0,8,0,3,2,1,2],[8,10,19,13,2,9,23,3,5,22,7,0,15,27,26,24]beautiful:[["107","119"]],io:2019103},{it:"19-09-01",iss:"2019102",n:"03
08 12 16 20 32 + 12",nr:"03 32 16 08 20 12 +
12",bn:[3,8,12,16,20,32],sn:[12],hello[1,7,0,1,5,12,3,0,1,8,4,0,2,3,14,0,4,5,7,0,1,3,3,5,5,4,3,7,11,2,1,0,1],[7,9,18,12,1,8,22,2,4,21,6,0,14,26,25,23]beautiful:[["91","103"]],io:2019102},{it:"19-08-29",iss:"2019101",n:"01
04 09 21 31 33 + 05",nr:"21 31 01 09 04 33 +
05",bn:[1,4,9,21,31,33],sn:[5],hello[0,6,3,0,4,11,2,8,0,7,3,1,1,2,13,12,3,4,6,8,0,2,2,4,4,3,2,6,10,1,0,1,0],[6,8,17,11,0,7,21,1,3,20,5,23,13,25,24,22]beautiful:[["99","104"]],io:2019101},{it:"19-08-27",iss:"2019100",n:"01
04 12 13 30 32 +
08",nr:"",bn:[1,4,12,13,30,32],sn:[8],hello[0,5,2,0,3,10,1,7,7,6,2,0,0,1,12,11,2,3,5,7,5,1,1,3,3,2,1,5,9,0,3,0,8],[5,7,16,10,62,6,20,0,2,19,4,22,12,24,23,21]beautiful:[["92","100"]],io:2019100},{it:"19-08-25",iss:"2019099",n:"07
14 22 23 27 30 + 08",nr:"22 23 30 14 27 07 +
08",bn:[7,14,22,23,27,30],sn:[8],hello[14,4,1,10,2,9,0,6,6,5,1,1,11,0,11,10,1,2,4,6,4,0,0,2,2,1,0,4,8,0,2,3,7],[4,6,15,9,61,5,19,0,1,18,3,21,11,23,22,20]beautiful:[["123","131"]],io:2019099},{it:"19-08-22",iss:"2019098",n:"03
11 12 14 17 26 + 09",nr:"14 11 03 12 17 26 +
09",bn:[3,11,12,14,17,26],sn:[9],hello[13,3,0,9,1,8,2,5,5,4,0,0,10,0,10,9,0,1,3,5,3,5,10,1,1,0,2,3,7,11,1,2,6],[3,5,14,8,60,4,18,6,0,17,2,20,10,22,21,19]beautiful:[["83","92"]],io:2019098},{it:"19-08-20",iss:"2019097",n:"03
05 18 24 25 31 + 09",nr:"18 03 25 05 31 24 +
09",bn:[3,5,18,24,25,31],sn:[9],hello[12,2,0,8,0,7,1,4,4,3,20,1,9,2,9,8,5,0,2,4,2,4,9,0,0,11,1,2,6,10,0,1,5],[2,4,13,7,59,3,17,5,0,16,1,19,9,21,20,18]beautiful:[["106","115"]],io:2019097},{it:"19-08-18",iss:"2019096",n:"05
07 12 18 27 32 + 11",nr:"27 18 07 05 12 32 +
11",bn:[5,7,12,18,27,32],sn:[11],hello[11,1,6,7,0,6,0,3,3,2,19,0,8,1,8,7,4,0,1,3,1,3,8,5,27,10,0,1,5,9,10,0,4],[1,3,12,6,58,2,16,4,26,15,0,18,8,20,19,17]beautiful:[["101","112"]],io:2019096},{it:"19-08-15",iss:"2019095",n:"02
05 14 19 21 28 + 01",nr:"14 28 02 05 19 21 +
01",bn:[2,5,14,19,21,28],sn:[1],hello[10,0,5,6,0,5,2,2,2,1,18,1,7,0,7,6,3,1,0,2,0,2,7,4,26,9,1,0,4,8,9,3,3],[0,2,11,5,57,1,15,3,25,14,4,17,7,19,18,16]beautiful:[["89","90"]],io:2019095},{it:"19-08-13",iss:"2019094",n:"05
10 12 18 19 27 + 06",nr:"10 27 12 05 19 18 +
06",bn:[5,10,12,18,19,27],sn:[6],hello[9,4,4,5,0,4,1,1,1,0,17,0,6,4,6,5,2,0,0,1,3,1,6,3,25,8,0,2,3,7,8,2,2],[25,1,10,4,56,0,14,2,24,13,3,16,6,18,17,15]beautiful:[["91","97"]],io:2019094},{it:"19-08-11",iss:"2019093",n:"05
07 08 09 20 22 + 02",nr:"22 08 05 20 09 07 +
02",bn:[5,7,8,9,20,22],sn:[2],hello[8,3,3,4,0,3,0,0,0,2,16,17,5,3,5,4,1,8,11,0,2,0,5,2,24,7,1,1,2,6,7,1,1],[24,0,9,3,55,7,13,1,23,12,2,15,5,17,16,14]beautiful:[["71","73"]],io:2019093},{it:"19-08-08",iss:"2019092",n:"09
17 27 28 32 33 +
08",nr:"",bn:[9,17,27,28,32,33],sn:[8],hello[7,2,2,3,5,2,1,2,0,1,15,16,4,2,4,3,0,7,10,3,1,2,4,1,23,6,0,0,1,5,6,0,0],[23,10,8,2,54,6,12,0,22,11,1,14,4,16,15,13]beautiful:[["146","154"]],io:2019092},{it:"19-08-06",iss:"2019091",n:"07
10 21 24 29 32 + 11",nr:"07 10 21 24 29 32 +
11",bn:[7,10,21,24,29,32],sn:[11],hello[6,1,1,2,4,1,0,1,4,0,14,15,3,1,3,2,8,6,9,2,0,1,3,0,22,5,7,5,0,4,5,0,13],[22,9,7,1,53,5,11,18,21,10,0,13,3,15,14,12]beautiful:[["123","134"]],io:2019091},{it:"19-08-04",iss:"2019090",n:"02
03 06 08 14 22 + 04",nr:"02 14 20 04 16 22 +
04",bn:[2,3,6,8,14,22],sn:[4],hello[5,0,0,1,3,0,3,0,3,36,13,14,2,0,2,1,7,5,8,1,2,0,2,4,21,4,6,4,2,3,4,9,12],[21,8,6,0,52,4,10,17,20,9,1,12,2,14,13,11]beautiful:[["55","59"]],io:2019090},{it:"19-08-01",iss:"2019089",n:"02
04 14 16 20 22 + 11",nr:"02 14 20 04 16 22 +
11",bn:[2,4,14,16,20,22],sn:[11],hello[4,0,9,0,2,6,2,5,2,35,12,13,1,0,1,0,6,4,7,0,1,0,1,3,20,3,5,3,1,2,3,8,11],[20,7,5,2,51,3,9,16,19,8,0,11,1,13,12,10]beautiful:[["78","89"]],io:2019089},{it:"19-07-30",iss:"2019088",n:"13
14 15 21 23 29 + 13",nr:"21 29 14 15 23 13 +
13",bn:[13,14,15,21,23,29],sn:[13],hello[3,15,8,1,1,5,1,4,1,34,11,12,0,0,0,2,5,3,6,4,0,2,0,2,19,2,4,2,0,1,2,7,10],[19,6,4,1,50,2,8,15,18,7,21,10,0,12,11,9]beautiful:[["115","128"]],io:2019088},{it:"19-07-28",iss:"2019087",n:"04
05 07 09 21 30 + 04",nr:"07 21 30 04 09 05 +
04",bn:[4,5,7,9,21,30],sn:[4],hello[2,14,7,0,0,4,0,3,0,33,10,11,10,2,4,1,4,2,5,3,0,1,25,1,18,1,3,1,2,0,1,6,9],[18,5,3,0,49,1,7,14,17,6,20,9,44,11,10,8]beautiful:[["76","80"]],io:2019087},{it:"19-07-25",iss:"2019086",n:"16
22 24 26 28 31 + 06",nr:"26 31 22 24 28 16 +
06",bn:[16,22,24,26,28,31],sn:[6],hello[1,13,6,1,5,3,4,2,7,32,9,10,9,1,3,0,3,1,4,2,9,0,24,0,17,0,2,0,1,14,0,5,8],[17,4,2,1,48,0,6,13,16,5,19,8,43,10,9,7]beautiful:[["147","153"]],io:2019086},{it:"19-07-23",iss:"2019085",n:"01
04 14 18 24 29 + 04",nr:"01 04 18 29 24 14 +
04",bn:[1,4,14,18,24,29],sn:[4],hello[0,12,5,0,4,2,3,1,6,31,8,9,8,0,2,3,2,0,3,1,8,3,23,0,16,2,1,2,0,13,2,4,7],[16,3,1,0,47,26,5,12,15,4,18,7,42,9,8,6]beautiful:[["90","94"]],io:2019085},{it:"19-07-21",iss:"2019084",n:"04
08 14 18 20 27 + 03",nr:"04 27 14 20 08 18 +
03",bn:[4,8,14,18,20,27],sn:[3],hello[5,11,4,0,3,1,2,0,5,30,7,8,7,0,1,2,1,0,2,0,7,2,22,2,15,1,0,1,3,12,1,3,6],[15,2,0,10,46,25,4,11,14,3,17,6,41,8,7,5]beautiful:[["91","94"]],io:2019084},{it:"19-07-18",iss:"2019083",n:"06
15 17 26 28 31 + 03",nr:"06 31 15 28 26 17 +
03",bn:[6,15,17,26,28,31],sn:[3],hello[4,10,3,16,2,0,1,3,4,29,6,7,6,15,0,1,0,6,1,3,6,1,21,1,14,0,2,0,2,11,0,2,5],[14,1,0,9,45,24,3,10,13,2,16,5,40,7,6,4]beautiful:[["123","126"]],io:2019083},{it:"19-07-16",iss:"2019082",n:"07
16 19 22 24 28 + 02",nr:"19 28 22 07 16 24 +
02",bn:[7,16,19,22,24,28],sn:[2],hello[3,9,2,15,1,2,0,2,3,28,5,6,5,14,6,0,4,5,0,2,5,0,20,0,13,14,1,0,1,10,1,1,4],[13,0,7,8,44,23,2,9,12,1,15,4,39,6,5,3]beautiful:[["116","118"]],io:2019082},{it:"19-07-14",iss:"2019081",n:"05
24 27 29 31 32 + 10",nr:"27 32 05 31 24 29 +
10",bn:[5,24,27,29,31,32],sn:[10],hello[2,8,1,14,0,1,19,1,2,27,4,5,4,13,5,8,3,4,2,1,4,4,19,0,12,13,0,30,0,9,0,0,3],[12,31,6,7,43,22,1,8,11,0,14,3,38,5,4,2]beautiful:[["148","158"]],io:2019081},{it:"19-07-11",iss:"2019080",n:"03
06 08 20 24 32 +
07",nr:"",bn:[3,6,8,20,24,32],sn:[7],hello[1,7,0,13,5,0,18,0,1,26,3,4,3,12,4,7,2,3,1,0,3,3,18,0,11,12,2,29,2,8,1,0,2],[11,30,5,6,42,21,0,7,10,12,13,2,37,4,3,1]beautiful:[["93","100"]],io:2019080},{it:"19-07-09",iss:"2019079",n:"01
03 06 09 19 31 + 16",nr:"01 31 09 03 19 06 +
16",bn:[1,3,6,9,19,31],sn:[16],hello[0,6,0,12,4,0,17,4,0,25,2,3,2,11,3,6,1,2,0,3,2,2,17,8,10,11,1,28,1,7,0,3,1],[10,29,4,5,41,20,35,6,9,11,12,1,36,3,2,0]beautiful:[["69","85"]],io:2019079},{it:"19-07-07",iss:"2019078",n:"01
17 27 29 31 33 + 12",nr:"01 29 27 33 31 17 +
12",bn:[1,17,27,29,31,33],sn:[12],hello[0,5,10,11,3,5,16,3,1,24,1,2,1,10,2,5,0,1,2,2,1,1,16,7,9,10,0,27,0,6,0,2,0],[9,28,3,4,40,19,34,5,8,10,11,0,35,2,1,15]beautiful:[["138","150"]],io:2019078},{it:"19-07-04",iss:"2019077",n:"09
11 13 18 21 22 + 15",nr:"22 11 18 13 21 09 +
15",bn:[9,11,13,18,21,22],sn:[15],hello[4,4,9,10,2,4,15,2,0,23,0,1,0,9,1,4,11,0,1,1,0,0,15,6,8,9,3,26,1,5,2,1,2],[8,27,2,3,39,18,33,4,7,9,10,13,34,1,0,14]beautiful:[["94","109"]],io:2019077},{it:"19-07-02",iss:"2019076",n:"12
15 19 20 29 32 + 14",nr:"12 20 15 29 32 19 +
14",bn:[12,15,19,20,29,32],sn:[14],hello[3,3,8,9,1,3,14,1,4,22,7,0,4,8,0,3,10,3,0,0,2,1,14,5,7,8,2,25,0,4,1,0,1],[7,26,1,2,38,17,32,3,6,8,9,12,33,0,4,13]beautiful:[["127","141"]],io:2019076},{it:"19-06-30",iss:"2019075",n:"05
08 20 22 31 33 + 03",nr:"33 20 05 08 31 22 +
03",bn:[5,8,20,22,31,33],sn:[3],hello[2,2,7,8,0,2,13,0,3,21,6,1,3,7,3,2,9,2,4,0,1,0,13,4,6,7,1,24,1,3,0,5,0],[6,25,0,1,37,16,31,2,5,7,8,11,32,28,3,12]beautiful:[["119","122"]],io:2019075},{it:"19-06-27",iss:"2019074",n:"12
21 27 29 31 33 + 04",nr:"33 29 21 12 31 27 +
04",bn:[12,21,27,29,31,33],sn:[4],hello[1,1,6,7,15,1,12,3,2,20,5,0,2,6,2,1,8,1,3,6,0,2,12,3,5,6,0,23,0,2,0,4,0],[5,24,40,0,36,15,30,1,4,6,7,10,31,27,2,11]beautiful:[["153","157"]],io:2019074},{it:"19-06-25",iss:"2019073",n:"01
02 06 12 16 18 + 08",nr:"12 18 16 01 02 06 +
08",bn:[1,2,6,12,16,18],sn:[8],hello[0,0,5,6,14,0,11,2,1,19,4,0,1,5,1,0,7,0,2,5,4,1,11,2,4,5,12,22,2,1,10,3,5],[4,23,39,2,35,14,29,0,3,5,6,9,30,26,1,10]beautiful:[["55","63"]],io:2019073},{it:"19-06-23",iss:"2019072",n:"02
09 13 15 22 30 + 15",nr:"02 09 13 15 22 30 +
15",bn:[2,9,13,15,22,30],sn:[15],hello[1,0,4,5,13,2,10,1,0,18,3,8,0,4,0,3,6,2,1,4,3,0,10,1,3,4,11,21,1,0,9,2,4],[3,22,38,1,34,13,28,19,2,4,5,8,29,25,0,9]beautiful:[["91","106"]],io:2019072},{it:"19-06-20",iss:"2019071",n:"01
08 19 24 29 30 + 04",nr:"29 08 01 24 19 30 +
04",bn:[1,8,19,24,29,30],sn:[4],hello[0,25,3,4,12,1,9,0,6,17,2,7,9,3,1,2,5,1,0,3,2,5,9,0,2,3,10,20,0,0,8,1,3],[2,21,37,0,33,12,27,18,1,3,4,7,28,24,22,8]beautiful:[["111","115"]],io:2019071},{it:"19-06-18",iss:"2019070",n:"06
15 18 19 24 32 + 09",nr:"18 15 19 32 24 06 +
09",bn:[6,15,18,19,24,32],sn:[9],hello[4,24,2,3,11,0,8,3,5,16,1,6,8,2,0,1,4,0,0,2,1,4,8,0,1,2,9,19,7,3,7,0,2],[1,20,36,4,32,11,26,17,0,2,3,6,27,23,21,7]beautiful:[["114","123"]],io:2019070},{it:"19-06-16",iss:"2019069",n:"06
11 16 19 21 25 + 01",nr:"21 11 06 25 19 16 +
01",bn:[6,11,16,19,21,25],sn:[1],hello[3,23,1,2,10,0,7,2,4,15,0,5,7,1,4,0,3,10,0,1,0,3,7,1,0,1,8,18,6,2,6,3,1],[0,19,35,3,31,10,25,16,18,1,2,5,26,22,20,6]beautiful:[["98","99"]],io:2019069},{it:"19-06-13",iss:"2019068",n:"03
14 20 24 26 33 + 10",nr:"20 26 33 24 03 14 +
10",bn:[3,14,20,24,26,33],sn:[10],hello[2,22,0,1,9,1,6,1,3,14,1,4,6,0,3,6,2,9,5,0,10,2,6,0,4,0,7,17,5,1,5,2,0],[6,18,34,2,30,9,24,15,17,0,1,4,25,21,19,5]beautiful:[["120","130"]],io:2019068},{it:"19-06-11",iss:"2019067",n:"04
06 08 11 30 33 + 11",nr:"04 08 33 06 30 11 +
11",bn:[4,6,8,11,30,33],sn:[11],hello[1,21,6,0,8,0,5,0,2,13,0,3,5,1,2,5,1,8,4,1,9,1,5,3,3,2,6,16,4,0,4,1,0],[5,17,33,1,29,8,23,14,16,2,0,3,24,20,18,4]beautiful:[["92","103"]],io:2019067},{it:"19-06-09",iss:"2019066",n:"01
14 17 20 22 32 + 04",nr:"14 20 17 22 01 32 +
04",bn:[1,14,17,20,22,32],sn:[4],hello[0,20,5,6,7,1,4,8,1,12,1,2,4,0,1,4,0,7,3,0,8,0,4,2,2,1,5,15,3,2,3,0,2],[4,16,32,0,28,7,22,13,15,1,12,2,23,19,17,3]beautiful:[["106","110"]],io:2019066},{it:"19-06-06",iss:"2019065",n:"06
09 11 15 20 26 + 10",nr:"06 15 26 20 11 09 +
10",bn:[6,9,11,15,20,26],sn:[10],hello[2,19,4,5,6,0,3,7,0,11,0,1,3,2,0,3,4,6,2,0,7,2,3,1,1,0,4,14,2,1,2,19,1],[3,15,31,23,27,6,21,12,14,0,11,1,22,18,16,2]beautiful:[["87","97"]],io:2019065},{it:"19-06-04",iss:"2019064",n:"12
20 24 25 30 33 + 12",nr:"12 20 24 25 30 33 +
12",bn:[12,20,24,25,30,33],sn:[12],hello[1,18,3,4,5,7,2,6,5,10,9,0,2,1,9,2,3,5,1,0,6,1,2,0,0,2,3,13,1,0,1,18,0],[2,14,30,22,26,5,20,11,13,9,10,0,21,17,15,1]beautiful:[["144","156"]],io:2019064},{it:"19-06-02",iss:"2019063",n:"01
14 19 22 29 31 + 16",nr:"01 14 29 22 31 19 +
16",bn:[1,14,19,22,29,31],sn:[16],hello[0,17,2,3,4,6,1,5,4,9,8,5,1,0,8,1,2,4,0,3,5,0,1,2,10,1,2,12,0,1,0,17,16],[1,13,29,21,25,4,19,10,12,8,9,2,20,16,14,0]beautiful:[["116","132"]],io:2019063},{it:"19-05-30",iss:"2019062",n:"07
13 16 23 26 30 + 01",nr:"30 07 26 16 23 13 +
01",bn:[7,13,16,23,26,30],sn:[1],hello[7,16,1,2,3,5,0,4,3,8,7,4,0,2,7,0,1,3,1,2,4,9,0,1,9,0,1,11,6,0,1,16,15],[0,12,28,20,24,3,18,9,11,7,8,1,19,15,13,5]beautiful:[["115","116"]],io:2019062},{it:"19-05-28",iss:"2019061",n:"03
17 19 24 27 31 + 12",nr:"27 17 19 24 03 31 +
12",bn:[3,17,19,24,27,31],sn:[12],hello[6,15,0,1,2,4,2,3,2,7,6,3,4,1,6,2,0,2,0,1,3,8,1,0,8,7,0,10,5,14,0,15,14],[1,11,27,19,23,2,17,8,10,6,7,0,18,14,12,4]beautiful:[["121","133"]],io:2019061},{it:"19-05-26",iss:"2019060",n:"03
04 14 20 23 27 + 01",nr:"14 20 03 27 23 04 +
01",bn:[3,4,14,20,23,27],sn:[1],hello[5,14,0,0,1,3,1,2,1,6,5,2,3,0,5,1,4,1,4,0,2,7,0,6,7,6,0,9,4,13,5,14,13],[0,10,26,18,22,1,16,7,9,5,6,2,17,13,11,3]beautiful:[["91","92"]],io:2019060},{it:"19-05-23",iss:"2019059",n:"04
05 07 09 16 18 + 06",nr:"09 05 18 16 04 07 +
06",bn:[4,5,7,9,16,18],sn:[6],hello[4,13,7,0,0,2,0,1,0,5,4,1,2,3,4,0,3,0,3,24,1,6,1,5,6,5,1,8,3,12,4,13,12],[3,9,25,17,21,0,15,6,8,4,5,1,16,12,10,2]beautiful:[["59","65"]],io:2019059},{it:"19-05-21",iss:"2019058",n:"07
08 12 21 23 27 + 12",nr:"07 12 08 27 21 23 +
12",bn:[7,8,12,21,23,27],sn:[12],hello[3,12,6,1,1,1,0,0,6,4,3,0,1,2,3,5,2,1,2,23,0,5,0,4,5,4,0,7,2,11,3,12,11],[2,8,24,16,20,12,14,5,7,3,4,0,15,11,9,1]beautiful:[["98","110"]],io:2019058},{it:"19-05-19",iss:"2019057",n:"04
05 06 08 13 18 + 16",nr:"18 04 13 05 06 08 +
16",bn:[4,5,6,8,13,18],sn:[16],hello[2,11,5,0,0,0,3,0,5,3,2,9,0,1,2,4,1,0,1,22,1,4,7,3,4,3,12,6,1,10,2,11,10],[1,7,23,15,19,11,13,4,6,2,3,37,14,10,8,0]beautiful:[["54","70"]],io:2019057},{it:"19-05-16",iss:"2019056",n:"13
14 17 19 21 29 + 01",nr:"19 21 14 13 17 29 +
01",bn:[13,14,17,19,21,29],sn:[1],hello[1,10,4,3,16,1,2,5,4,2,1,8,0,0,1,3,0,8,0,21,0,3,6,2,3,2,11,5,0,9,1,10,9],[0,6,22,14,18,10,12,3,5,1,2,36,13,9,7,4]beautiful:[["113","114"]],io:2019056},{it:"19-05-14",iss:"2019055",n:"01
06 11 15 19 31 + 10",nr:"31 06 01 19 15 11 +
10",bn:[1,6,11,15,19,31],sn:[10],hello[0,9,3,2,15,0,1,4,3,1,0,7,3,11,0,2,10,7,0,20,5,2,5,1,2,1,10,4,2,8,0,9,8],[42,5,21,13,17,9,11,2,4,0,1,35,12,8,6,3]beautiful:[["83","93"]],io:2019055},{it:"19-05-12",iss:"2019054",n:"07
10 11 15 24 26 + 11",nr:"15 26 07 10 24 11 +
11",bn:[7,10,11,15,24,26],sn:[11],hello[9,8,2,1,14,2,0,3,2,0,0,6,2,10,0,1,9,6,2,19,4,1,4,0,1,0,9,3,1,7,1,8,7],[41,4,20,12,16,8,10,1,3,6,0,34,11,7,5,2]beautiful:[["93","104"]],io:2019054},{it:"19-05-09",iss:"2019053",n:"04
16 22 25 29 31 + 08",nr:"22 31 16 04 25 29 +
08",bn:[4,16,22,25,29,31],sn:[8],hello[8,7,1,0,13,1,5,2,1,2,3,5,1,9,2,0,8,5,1,18,3,0,3,10,0,11,8,2,0,6,0,7,6],[40,3,19,11,15,7,9,0,2,5,13,33,10,6,4,1]beautiful:[["127","135"]],io:2019053},{it:"19-05-07",iss:"2019052",n:"03
06 09 13 16 19 + 16",nr:"09 03 16 19 06 13 +
16",bn:[3,6,9,13,16,19],sn:[16],hello[7,6,0,2,12,0,4,1,0,1,2,4,0,8,1,0,7,4,0,17,2,3,2,9,5,10,7,1,4,5,7,6,5],[39,2,18,10,14,6,8,13,1,4,12,32,9,5,3,0]beautiful:[["66","82"]],io:2019052},{it:"19-05-05",iss:"2019051",n:"08
09 10 13 15 28 + 09",nr:"10 15 09 28 08 13 +
09",bn:[8,9,10,13,15,28],sn:[9],hello[6,5,2,1,11,1,3,0,0,0,1,3,0,7,0,5,6,3,6,16,1,2,1,8,4,9,6,0,3,4,6,5,4],[38,1,17,9,13,5,7,12,0,3,11,31,8,4,2,10]beautiful:[["83","92"]],io:2019051},{it:"19-05-02",iss:"2019050",n:"04
06 10 11 21 23 + 02",nr:"04 10 11 21 06 23 +
02",bn:[4,6,10,11,21,23],sn:[2],hello[5,4,1,0,10,0,2,18,9,0,0,2,1,6,8,4,5,2,5,15,0,1,0,7,3,8,5,1,2,3,5,4,3],[37,0,16,8,12,4,6,11,33,2,10,30,7,3,1,9]beautiful:[["75","77"]],io:2019050},{it:"19-04-30",iss:"2019049",n:"03
10 13 22 23 28 + 15",nr:"23 13 03 28 22 10 +
15",bn:[3,10,13,22,23,28],sn:[15],hello[4,3,0,17,9,4,1,17,8,0,2,1,0,5,7,3,4,1,4,14,11,0,0,6,2,7,4,0,1,2,4,3,2],[36,39,15,7,11,3,5,10,32,1,9,29,6,2,0,8]beautiful:[["99","114"]],io:2019049},{it:"19-04-28",iss:"2019048",n:"03
07 10 12 18 29 + 10",nr:"29 18 03 07 10 12 +
10",bn:[3,7,10,12,18,29],sn:[10],hello[3,2,0,16,8,3,0,16,7,0,1,0,5,4,6,2,3,0,3,13,10,2,4,5,1,6,3,16,0,1,3,2,1],[35,38,14,6,10,2,4,9,31,0,8,28,5,1,15,7]beautiful:[["79","89"]],io:2019048},{it:"19-04-25",iss:"2019047",n:"03
11 18 25 30 33 + 14",nr:"18 25 03 11 30 33 +
14",bn:[3,11,18,25,30,33],sn:[14],hello[2,1,0,15,7,2,8,15,6,11,0,1,4,3,5,1,2,0,2,12,9,1,3,4,0,5,2,15,3,0,2,1,0],[34,37,13,5,9,1,3,8,30,10,7,27,4,0,14,6]beautiful:[["120","134"]],io:2019047},{it:"19-04-23",iss:"2019046",n:"02
12 16 22 25 32 + 06",nr:"02 16 12 32 25 22 +
06",bn:[2,12,16,22,25,32],sn:[6],hello[1,0,15,14,6,1,7,14,5,10,7,0,3,2,4,0,1,6,1,11,8,0,2,3,0,4,1,14,2,8,1,0,14],[33,36,12,4,8,0,2,7,29,9,6,26,3,1,13,5]beautiful:[["109","115"]],io:2019046},{it:"19-04-21",iss:"2019045",n:"01
06 17 19 27 31 + 14",nr:"31 01 27 06 17 19 +
14",bn:[1,6,17,19,27,31],sn:[14],hello[0,4,14,13,5,0,6,13,4,9,6,2,2,1,3,1,0,5,0,10,7,3,1,2,3,3,0,13,1,7,0,2,13],[32,35,11,3,7,26,1,6,28,8,5,25,2,0,12,4]beautiful:[["101","115"]],io:2019045},{it:"19-04-18",iss:"2019044",n:"06
14 16 17 23 29 + 07",nr:"23 16 17 29 14 06 +
07",bn:[6,14,16,17,23,29],sn:[7],hello[1,3,13,12,4,0,5,12,3,8,5,1,1,0,2,0,0,4,2,9,6,2,0,1,2,2,5,12,0,6,4,1,12],[31,34,10,2,6,25,0,5,27,7,4,24,1,18,11,3]beautiful:[["105","112"]],io:2019044},{it:"19-04-16",iss:"2019043",n:"01
06 12 13 24 32 + 13",nr:"01 13 32 06 12 24 +
13",bn:[1,6,12,13,24,32],sn:[13],hello[0,2,12,11,3,0,4,11,2,7,4,0,0,4,1,7,1,3,1,8,5,1,2,0,1,1,4,11,5,5,3,0,11],[30,33,9,1,5,24,21,4,26,6,3,23,0,17,10,2]beautiful:[["88","101"]],io:2019043},{it:"19-04-14",iss:"2019042",n:"15
17 19 22 25 26 + 04",nr:"22 25 26 15 19 17 +
04",bn:[15,17,19,22,25,26],sn:[4],hello[5,1,11,10,2,2,3,10,1,6,3,4,1,3,0,6,0,2,0,7,4,0,1,1,0,0,3,10,4,4,2,3,10],[29,32,8,0,4,23,20,3,25,5,2,22,15,16,9,1]beautiful:[["124","128"]],io:2019042},{it:"19-04-11",iss:"2019041",n:"02
09 13 23 24 26 + 16",nr:"26 13 02 24 09 23 +
16",bn:[2,9,13,23,24,26],sn:[16],hello[4,0,10,9,1,1,2,9,0,5,2,3,0,2,7,5,12,1,8,6,3,7,0,0,4,0,2,9,3,3,1,2,9],[28,31,7,9,3,22,19,2,24,4,1,21,14,15,8,0]beautiful:[["97","113"]],io:2019041},{it:"19-04-09",iss:"2019040",n:"05
06 09 18 23 31 + 11",nr:"23 05 09 18 31 06 +
11",bn:[5,6,9,18,23,31],sn:[11],hello[3,4,9,8,0,0,1,8,0,4,1,2,4,1,6,4,11,0,7,5,2,6,0,6,3,6,1,8,2,2,0,1,8],[27,30,6,8,2,21,18,1,23,3,0,20,13,14,7,5]beautiful:[["92","103"]],io:2019040},{it:"19-04-07",iss:"2019039",n:"06
07 11 14 27 32 + 08",nr:"07 27 11 32 06 14 +
08",bn:[6,7,11,14,27,32],sn:[8],hello[2,3,8,7,4,0,0,7,1,3,0,1,3,0,5,3,10,2,6,4,1,5,3,5,2,5,0,7,1,1,16,0,7],[26,29,5,7,1,20,17,0,22,2,11,19,12,13,6,4]beautiful:[["97","105"]],io:2019039},{it:"19-04-04",iss:"2019038",n:"09
12 21 27 29 30 + 05",nr:"21 30 12 09 27 29 +
05",bn:[9,12,21,27,29,30],sn:[5],hello[1,2,7,6,3,11,1,6,0,2,4,0,2,1,4,2,9,1,5,3,0,4,2,4,1,4,0,6,0,0,15,2,6],[25,28,4,6,0,19,16,2,21,1,10,18,11,12,5,3]beautiful:[["128","133"]],io:2019038},{it:"19-04-03",iss:"2019037",n:"01
07 12 14 18 25 +
10",nr:"",bn:[1,7,12,14,18,25],sn:[10],hello[0,1,6,5,2,10,0,5,2,1,3,0,1,0,3,1,8,0,4,2,4,3,1,3,0,3,11,5,4,9,14,1,5],[24,27,3,5,21,18,15,1,20,0,9,17,10,11,4,2]beautiful:[["77","87"]],io:2019037},{it:"19-03-31",iss:"2019036",n:"02
10 13 16 23 32 +
08",nr:"",bn:[2,10,13,16,23,32],sn:[8],hello[1,0,5,4,1,9,1,4,1,0,2,6,0,13,2,0,7,5,3,1,3,2,0,2,12,2,10,4,3,8,13,0,4],[23,26,2,4,20,17,14,0,19,7,8,16,9,10,3,1]beautiful:[["96","104"]],io:2019036},{it:"19-03-28",iss:"2019035",n:"01
05 07 09 10 20 +
16",nr:"",bn:[1,5,7,9,10,20],sn:[16],hello[0,8,4,3,0,8,0,3,0,0,1,5,3,12,1,10,6,4,2,0,2,1,2,1,11,1,9,3,2,7,12,6,3],[22,25,1,3,19,16,13,77,18,6,7,15,8,9,2,0]beautiful:[["52","68"]],io:2019035},{it:"19-03-26",iss:"2019034",n:"09
11 15 22 24 26 + 03",nr:"11 09 26 24 22 15 +
03",bn:[9,11,15,22,24,26],sn:[3],hello[10,7,3,2,4,7,4,2,0,4,0,4,2,11,0,9,5,3,1,8,1,0,1,0,10,0,8,2,1,6,11,5,2],[21,24,0,2,18,15,12,76,17,5,6,14,7,8,1,3]beautiful:[["107","110"]],io:2019034},{it:"19-03-24",iss:"2019033",n:"09
15 19 21 23 29 + 15",nr:"15 21 29 23 19 09 +
15",bn:[9,15,19,21,23,29],sn:[15],hello[9,6,2,1,3,6,3,1,0,3,4,3,1,10,0,8,4,2,0,7,0,3,0,14,9,5,7,1,0,5,10,4,1],[20,23,19,1,17,14,11,75,16,4,5,13,6,7,0,2]beautiful:[["116","131"]],io:2019033},{it:"19-03-21",iss:"2019032",n:"04
08 09 13 28 33 + 04",nr:"13 08 33 28 09 04 +
04",bn:[4,8,9,13,28,33],sn:[4],hello[8,5,1,0,2,5,2,0,0,2,3,2,0,9,1,7,3,1,4,6,1,2,3,13,8,4,6,0,4,4,9,3,0],[19,22,18,0,16,13,10,74,15,3,4,12,5,6,23,1]beautiful:[["95","99"]],io:2019032},{it:"19-03-19",iss:"2019031",n:"03
13 15 18 21 33 + 16",nr:"18 21 15 13 03 33 +
16",bn:[3,13,15,18,21,33],sn:[16],hello[7,4,0,1,1,4,1,2,15,1,2,1,0,8,0,6,2,0,3,5,0,1,2,12,7,3,5,7,3,3,8,2,0],[18,21,17,6,15,12,9,73,14,2,3,11,4,5,22,0]beautiful:[["103","119"]],io:2019031},{it:"19-03-17",iss:"2019030",n:"04
05 07 10 12 22 + 16",nr:"10 04 22 05 12 07 +
16",bn:[4,5,7,10,12,22],sn:[16],hello[6,3,4,0,0,3,0,1,14,0,1,0,4,7,4,5,1,7,2,4,5,0,1,11,6,2,4,6,2,2,7,1,1],[17,20,16,5,14,11,8,72,13,1,2,10,3,4,21,0]beautiful:[["60","76"]],io:2019030},{it:"19-03-14",iss:"2019029",n:"08
11 17 23 32 33 + 10",nr:"32 17 33 23 08 11 +
10",bn:[8,11,17,23,32,33],sn:[10],hello[5,2,3,1,8,2,7,0,13,2,0,9,3,6,3,4,0,6,1,3,4,1,0,10,5,1,3,5,1,1,6,0,0],[16,19,15,4,13,10,7,71,12,0,1,9,2,3,20,36]beautiful:[["124","134"]],io:2019029},{it:"19-03-12",iss:"2019028",n:"04
19 22 26 29 30 + 11",nr:"29 30 26 04 22 19 +
11",bn:[4,19,22,26,29,30],sn:[11],hello[4,1,2,0,7,1,6,1,12,1,1,8,2,5,2,3,1,5,0,2,3,0,4,9,4,0,2,4,0,0,5,10,3],[15,18,14,3,12,9,6,70,11,4,0,8,1,2,19,35]beautiful:[["130","141"]],io:2019028},{it:"19-03-10",iss:"2019027",n:"02
06 08 10 11 17 + 13",nr:"06 10 11 08 02 17 +
13",bn:[2,6,8,10,11,17],sn:[13],hello[3,0,1,9,6,0,5,0,11,0,0,7,1,4,1,2,0,4,1,1,2,18,3,8,3,9,1,3,3,2,4,9,2],[14,17,13,2,11,8,5,69,10,3,25,7,0,1,18,34]beautiful:[["54","67"]],io:2019027},{it:"19-03-07",iss:"2019026",n:"03
13 15 19 20 27 + 14",nr:"27 03 19 13 15 20 +
14",bn:[3,13,15,19,20,27],sn:[14],hello[2,5,0,8,5,18,4,2,10,3,4,6,0,3,0,1,7,3,0,0,1,17,2,7,2,8,0,2,2,1,3,8,1],[13,16,12,1,10,7,4,68,9,2,24,6,3,0,17,33]beautiful:[["97","111"]],io:2019026},{it:"19-03-05",iss:"2019025",n:"15
16 21 27 30 33 + 04",nr:"21 33 15 16 27 30 +
04",bn:[15,16,21,27,30,33],sn:[4],hello[1,4,3,7,4,17,3,1,9,2,3,5,5,2,0,0,6,2,7,4,0,16,1,6,1,7,0,1,1,0,2,7,0],[12,15,11,0,9,6,3,67,8,1,23,5,2,13,16,32]beautiful:[["142","146"]],io:2019025},{it:"19-03-03",iss:"2019024",n:"01
08 23 25 28 29 + 10",nr:"23 29 28 08 25 01 +
10",bn:[1,8,23,25,28,29],sn:[10],hello[0,3,2,6,3,16,2,0,8,1,2,4,4,1,1,9,5,1,6,3,2,15,0,5,0,6,3,0,0,2,1,6,2],[11,14,10,3,8,5,2,66,7,0,22,4,1,12,15,31]beautiful:[["114","124"]],io:2019024},{it:"19-02-28",iss:"2019023",n:"01
10 14 15 18 31 + 13",nr:"10 31 14 01 15 18 +
13",bn:[1,10,14,15,18,31],sn:[13],hello[0,2,1,5,2,15,1,2,7,0,1,3,3,0,0,8,4,0,5,2,1,14,3,4,4,5,2,3,24,1,0,5,1],[10,13,9,2,7,4,1,65,6,54,21,3,0,11,14,30]beautiful:[["89","102"]],io:2019023},{it:"19-02-26",iss:"2019022",n:"03
07 11 21 30 33 + 07",nr:"30 21 33 03 11 07 +
07",bn:[3,7,11,21,30,33],sn:[7],hello[8,1,0,4,1,14,0,1,6,10,0,2,2,8,7,7,3,3,4,1,0,13,2,3,3,4,1,2,23,0,7,4,0],[9,12,8,1,6,3,0,64,5,53,20,2,31,10,13,29]beautiful:[["105","112"]],io:2019022},{it:"19-02-24",iss:"2019021",n:"02
05 07 08 20 27 + 04",nr:"08 05 07 27 02 20 +
04",bn:[2,5,7,8,20,27],sn:[4],hello[7,0,2,3,0,13,0,0,5,9,2,1,1,7,6,6,2,2,3,0,8,12,1,2,2,3,0,1,22,4,6,3,4],[8,11,7,0,5,2,10,63,4,52,19,1,30,9,12,28]beautiful:[["69","73"]],io:2019021},{it:"19-02-21",iss:"2019020",n:"02
12 13 23 27 28 + 12",nr:"12 02 27 28 13 23 +
12",bn:[2,12,13,23,27,28],sn:[12],hello[6,0,1,2,3,12,4,10,4,8,1,0,0,6,5,5,1,1,2,5,7,11,0,1,1,2,0,0,21,3,5,2,3],[7,10,6,2,4,1,9,62,3,51,18,0,29,8,11,27]beautiful:[["105","117"]],io:2019020},{it:"19-02-19",iss:"2019019",n:"03
11 17 18 24 25 + 06",nr:"11 25 03 17 18 24 +
06",bn:[3,11,17,18,24,25],sn:[6],hello[5,5,0,1,2,11,3,9,3,7,0,15,8,5,4,4,0,0,1,4,6,10,7,0,0,1,16,2,20,2,4,1,2],[6,9,5,1,3,0,8,61,2,50,17,11,28,7,10,26]beautiful:[["98","104"]],io:2019019},{it:"19-02-17",iss:"2019018",n:"04
11 18 19 26 32 + 04",nr:"19 32 18 04 26 11 +
04",bn:[4,11,18,19,26,32],sn:[4],hello[4,4,4,0,1,10,2,8,2,6,0,14,7,4,3,3,15,0,0,3,5,9,6,1,2,0,15,1,19,1,3,0,1],[5,8,4,0,2,26,7,60,1,49,16,10,27,6,9,25]beautiful:[["110","114"]],io:2019018},{it:"19-02-14",iss:"2019017",n:"04
05 24 28 30 33 + 09",nr:"04 05 24 28 30 33 +
09",bn:[4,5,24,28,30,33],sn:[9],hello[3,3,3,0,0,9,1,7,1,5,1,13,6,3,2,2,14,4,1,2,4,8,5,0,1,11,14,0,18,0,2,8,0],[4,7,3,2,1,25,6,59,0,48,15,9,26,5,8,24]beautiful:[["124","133"]],io:2019017},{it:"19-02-12",iss:"2019016",n:"05
07 09 11 19 25 + 05",nr:"11 05 09 07 25 19 +
05",bn:[5,7,9,11,19,25],sn:[5],hello[2,2,2,6,0,8,0,6,0,4,0,12,5,2,1,1,13,3,0,1,3,7,4,1,0,10,13,8,17,5,1,7,2],[3,6,2,1,0,24,5,58,31,47,14,8,25,4,7,23]beautiful:[["76","81"]],io:2019016},{it:"19-02-03",iss:"2019015",n:"11
15 16 20 24 31 + 04",nr:"15 31 24 20 16 11 +
04",bn:[11,15,16,20,24,31],sn:[4],hello[1,1,1,5,2,7,2,5,7,3,0,11,4,1,0,0,12,2,1,0,2,6,3,0,15,9,12,7,16,4,0,6,1],[2,5,1,0,18,23,4,57,30,46,13,7,24,3,6,22]beautiful:[["117","121"]],io:2019015},{it:"19-01-31",iss:"2019014",n:"01
02 03 14 19 33 + 03",nr:"19 14 01 02 33 03 +
03",bn:[1,2,3,14,19,33],sn:[3],hello[0,0,0,4,1,6,1,4,6,2,4,10,3,0,7,1,11,1,0,11,1,5,2,3,14,8,11,6,15,3,2,5,0],[1,4,0,26,17,22,3,56,29,45,12,6,23,2,5,21]beautiful:[["72","75"]],io:2019014},{it:"19-01-29",iss:"2019013",n:"05
07 14 16 18 21 + 01",nr:"05 07 16 18 21 14 +
01",bn:[5,7,14,16,18,21],sn:[1],hello[4,3,18,3,0,5,0,3,5,1,3,9,2,0,6,0,10,0,2,10,0,4,1,2,13,7,10,5,14,2,1,4,1],[0,3,9,25,16,21,2,55,28,44,11,5,22,1,4,20]beautiful:[["81","82"]],io:2019013},{it:"19-01-27",iss:"2019012",n:"07
10 21 23 31 33 + 14",nr:"33 07 23 31 10 21 +
14",bn:[7,10,21,23,31,33],sn:[14],hello[3,2,17,2,2,4,0,2,4,0,2,8,1,5,5,8,9,10,1,9,0,3,0,1,12,6,9,4,13,1,0,3,0],[9,2,8,24,15,20,1,54,27,43,10,4,21,0,3,19]beautiful:[["125","139"]],io:2019012},{it:"19-01-24",iss:"2019011",n:"10
13 19 21 24 30 + 07",nr:"19 13 30 10 24 21 +
07",bn:[10,13,19,21,24,30],sn:[7],hello[2,1,16,1,1,3,2,1,3,0,1,7,0,4,4,7,8,9,0,8,0,2,4,0,11,5,8,3,12,0,2,2,10],[8,1,7,23,14,19,0,53,26,42,9,3,20,21,2,18]beautiful:[["117","124"]],io:2019011},{it:"19-01-22",iss:"2019010",n:"02
04 05 08 11 30 + 02",nr:"11 08 02 30 05 04 +
02",bn:[2,4,5,8,11,30],sn:[2],hello[1,0,15,0,0,2,1,0,2,1,0,6,2,3,3,6,7,8,3,7,5,1,3,14,10,4,7,2,11,0,1,1,9],[7,0,6,22,13,18,5,52,25,41,8,2,19,20,1,17]beautiful:[["60","62"]],io:2019010},{it:"19-01-20",iss:"2019009",n:"01
07 10 22 31 32 + 15",nr:"22 31 01 10 07 32 +
15",bn:[1,7,10,22,31,32],sn:[15],hello[0,1,14,7,3,1,0,5,1,0,16,5,1,2,2,5,6,7,2,6,4,0,2,13,9,3,6,1,10,15,0,0,8],[6,34,5,21,12,17,4,51,24,40,7,1,18,19,0,16]beautiful:[["103","118"]],io:2019009},{it:"19-01-17",iss:"2019008",n:"02
06 09 13 28 32 + 12",nr:"28 32 13 02 06 09 +
12",bn:[2,6,9,13,28,32],sn:[12],hello[2,0,13,6,2,0,8,4,0,1,15,4,0,1,1,4,5,6,1,5,3,3,1,12,8,2,5,0,9,14,3,0,7],[5,33,4,20,11,16,3,50,23,39,6,0,17,18,1,15]beautiful:[["90","102"]],io:2019008},{it:"19-01-15",iss:"2019007",n:"06
10 14 15 19 23 + 15",nr:"15 23 06 14 10 19 +
15",bn:[6,10,14,15,19,23],sn:[15],hello[1,14,12,5,1,0,7,3,5,0,14,3,4,0,0,3,4,5,0,4,2,2,0,11,7,1,4,1,8,13,2,2,6],[4,32,3,19,10,15,2,49,22,38,5,1,16,17,0,14]beautiful:[["87","102"]],io:2019007},{it:"19-01-13",iss:"2019006",n:"01
05 10 19 26 28 + 12",nr:"01 10 19 26 28 05 +
12",bn:[1,5,10,19,26,28],sn:[12],hello[0,13,11,4,0,4,6,2,4,0,13,2,3,7,5,2,3,4,0,3,1,1,6,10,6,0,3,0,7,12,1,1,5],[3,31,2,18,9,14,1,48,21,37,4,0,15,16,5,13]beautiful:[["89","101"]],io:2019006},{it:"19-01-10",iss:"2019005",n:"21
22 26 28 31 32 + 07",nr:"28 22 31 32 21 26 +
07",bn:[21,22,26,28,31,32],sn:[7],hello[5,12,10,3,3,3,5,1,3,4,12,1,2,6,4,1,2,3,1,2,0,0,5,9,5,0,2,0,6,11,0,0,4],[2,30,1,17,8,13,0,47,20,36,3,24,14,15,4,12]beautiful:[["160","167"]],io:2019005},{it:"19-01-08",iss:"2019004",n:"08
12 16 19 26 32 + 03",nr:"08 26 32 16 12 19 +
03",bn:[8,12,16,19,26,32],sn:[3],hello[4,11,9,2,2,2,4,0,2,3,11,0,1,5,3,0,1,2,0,1,1,1,4,8,4,0,1,5,5,10,4,0,3],[1,29,0,16,7,12,64,46,19,35,2,23,13,14,3,11]beautiful:[["113","116"]],io:2019004},{it:"19-01-06",iss:"2019003",n:"13
17 20 21 22 27 + 01",nr:"20 21 22 17 13 27 +
01",bn:[13,17,20,21,22,27],sn:[1],hello[3,10,8,1,1,1,3,1,1,2,10,7,0,4,2,4,0,1,5,0,0,0,3,7,3,5,0,4,4,9,3,2,2],[0,28,4,15,6,11,63,45,18,34,1,22,12,13,2,10]beautiful:[["120","121"]],io:2019003},{it:"19-01-03",iss:"2019002",n:"04
05 06 08 09 18 + 11",nr:"18 06 04 08 05 09 +
11",bn:[4,5,6,8,9,18],sn:[11],hello[2,9,7,0,0,0,2,0,0,1,9,6,1,3,1,3,2,0,4,5,7,10,2,6,2,4,8,3,3,8,2,1,1],[6,27,3,14,5,10,62,44,17,33,0,21,11,12,1,9]beautiful:[["50","61"]],io:2019002},{it:"19-01-01",iss:"2019001",n:"06
10 13 15 32 33 + 15",nr:"32 33 13 15 06 10 +
15",bn:[6,10,13,15,32,33],sn:[15],hello[1,8,6,2,3,0,1,4,9,0,8,5,0,2,0,2,1,6,3,4,6,9,1,5,1,3,7,2,2,7,1,0,0],[5,26,2,13,4,9,61,43,16,32,1,20,10,11,0,8]beautiful:[["109","124"]],io:2019001},{it:"18-12-30",iss:"2018153",n:"01
07 17 23 25 31 + 11",nr:"17 07 23 25 01 31 +
11",bn:[1,7,17,23,25,31],sn:[11],hello[0,7,5,1,2,3,0,3,8,4,7,4,8,1,2,1,0,5,2,3,5,8,0,4,0,2,6,1,1,6,0,10,10],[4,25,1,12,3,8,60,42,15,31,0,19,9,10,2,7]beautiful:[["104","115"]],io:2018153},{it:"18-12-27",iss:"2018152",n:"04
14 16 23 28 29 + 03",nr:"14 04 23 29 16 28 +
03",bn:[4,14,16,23,28,29],sn:[3],hello[3,6,4,0,1,2,3,2,7,3,6,3,7,0,1,0,5,4,1,2,4,7,0,3,1,1,5,0,0,5,2,9,9],[3,24,0,11,2,7,59,41,14,30,5,18,8,9,1,6]beautiful:[["114","117"]],io:2018152},{it:"18-12-25",iss:"2018151",n:"05
15 19 25 26 29 + 15",nr:"19 29 26 15 05 25 +
15",bn:[5,15,19,25,26,29],sn:[15],hello[2,5,3,8,0,1,2,1,6,2,5,2,6,10,0,10,4,3,0,1,3,6,4,2,0,0,4,8,0,4,1,8,8],[2,23,64,10,1,6,58,40,13,29,4,17,7,8,0,5]beautiful:[["119","134"]],io:2018151},{it:"18-12-23",iss:"2018150",n:"06
08 15 19 20 31 + 05",nr:"15 31 19 08 20 06 +
05",bn:[6,8,15,19,20,31],sn:[5],hello[1,4,2,7,8,0,1,0,5,1,4,1,5,9,0,9,3,2,0,0,2,5,3,1,5,14,3,7,4,3,0,7,7],[1,22,63,9,0,5,57,39,12,28,3,16,6,7,11,4]beautiful:[["99","104"]],io:2018150},{it:"18-12-20",iss:"2018149",n:"01
07 08 10 12 24 + 01",nr:"01 08 07 24 10 12 +
01",bn:[1,7,8,10,12,24],sn:[1],hello[0,3,1,6,7,1,0,0,4,0,3,0,4,8,2,8,2,1,1,5,1,4,2,0,4,13,2,6,3,2,1,6,6],[0,21,62,8,23,4,56,38,11,27,2,15,5,6,10,3]beautiful:[["62","63"]],io:2018149},{it:"18-12-18",iss:"2018148",n:"03
06 18 19 21 31 + 01",nr:"18 21 19 03 06 31 +
01",bn:[3,6,18,19,21,31],sn:[1],hello[8,2,0,5,6,0,20,4,3,2,2,12,3,7,1,7,1,0,0,4,0,3,1,7,3,12,1,5,2,1,0,5,5],[0,20,61,7,22,3,55,37,10,26,1,14,4,5,9,2]beautiful:[["98","99"]],io:2018148},{it:"18-12-16",iss:"2018147",n:"03
15 17 23 27 30 + 11",nr:"30 03 27 23 17 15 +
11",bn:[3,15,17,23,27,30],sn:[11],hello[7,1,0,4,5,4,19,3,2,1,1,11,2,6,0,6,0,1,18,3,16,2,0,6,2,11,0,4,1,0,8,4,4],[16,19,60,6,21,2,54,36,9,25,0,13,3,4,8,1]beautiful:[["115","126"]],io:2018147},{it:"18-12-13",iss:"2018146",n:"02
10 11 17 18 29 + 16",nr:"02 10 11 17 18 29 +
16",bn:[2,10,11,17,18,29],sn:[16],hello[6,0,1,3,4,3,18,2,1,0,0,10,1,5,3,5,0,0,17,2,15,1,1,5,1,10,2,3,0,8,7,3,3],[15,18,59,5,20,1,53,35,8,24,4,12,2,3,7,0]beautiful:[["87","103"]],io:2018146},{it:"18-12-11",iss:"2018145",n:"03
09 13 22 23 25 + 06",nr:"03 09 13 22 23 25 +
06",bn:[3,9,13,22,23,25],sn:[6],hello[5,12,0,2,3,2,17,1,0,3,3,9,0,4,2,4,1,1,16,1,14,0,0,4,0,9,1,2,10,7,6,2,2],[14,17,58,4,19,0,52,34,7,23,3,11,1,2,6,10]beautiful:[["95","101"]],io:2018145},{it:"18-12-09",iss:"2018144",n:"08
13 17 18 20 27 + 13",nr:"13 20 27 17 08 18 +
13",bn:[8,13,17,18,20,27],sn:[13],hello[4,11,7,1,2,1,16,0,12,2,2,8,0,3,1,3,0,0,15,0,13,4,5,3,4,8,0,1,9,6,5,1,1],[13,16,57,3,18,12,51,33,6,22,2,10,0,1,5,9]beautiful:[["103","116"]],io:2018144},{it:"18-12-06",iss:"2018143",n:"04
06 15 28 32 33 + 14",nr:"04 06 15 28 32 33 +
14",bn:[4,6,15,28,32,33],sn:[14],hello[3,10,6,0,1,0,15,1,11,1,1,7,19,2,0,2,13,2,14,3,12,3,4,2,3,7,1,0,8,5,4,0,0],[12,15,56,2,17,11,50,32,5,21,1,9,10,0,4,8]beautiful:[["118","132"]],io:2018143},{it:"18-12-04",iss:"2018142",n:"05
08 10 11 27 28 + 11",nr:"05 11 28 10 08 27 +
11",bn:[5,8,10,11,27,28],sn:[11],hello[2,9,5,9,0,7,14,0,10,0,0,6,18,1,2,1,12,1,13,2,11,2,3,1,2,6,0,0,7,4,3,3,1],[11,14,55,1,16,10,49,31,4,20,0,8,9,2,3,7]beautiful:[["89","100"]],io:2018142},{it:"18-12-02",iss:"2018141",n:"11
14 16 18 24 33 + 04",nr:"18 16 14 33 11 24 +
04",bn:[11,14,16,18,24,33],sn:[4],hello[1,8,4,8,4,6,13,13,9,3,0,5,17,0,1,0,11,0,12,1,10,1,2,0,1,5,3,1,6,3,2,2,0],[10,13,54,0,15,9,48,30,3,19,20,7,8,1,2,6]beautiful:[["116","120"]],io:2018141},{it:"18-11-29",iss:"2018140",n:"01
15 20 22 25 28 + 14",nr:"25 15 22 28 20 01 +
14",bn:[1,15,20,22,25,28],sn:[14],hello[0,7,3,7,3,5,12,12,8,2,1,4,16,14,0,6,10,1,11,0,9,0,1,9,0,4,2,0,5,2,1,1,6],[9,12,53,28,14,8,47,29,2,18,19,6,7,0,1,5]beautiful:[["111","125"]],io:2018140},{it:"18-11-27",iss:"2018139",n:"11
18 20 23 31 32 + 15",nr:"23 32 31 20 11 18 +
15",bn:[11,18,20,23,31,32],sn:[15],hello[1,6,2,6,2,4,11,11,7,1,0,3,15,13,2,5,9,0,10,0,8,7,0,8,1,3,1,9,4,1,0,0,5],[8,11,52,27,13,7,46,28,1,17,18,5,6,3,0,4]beautiful:[["135","150"]],io:2018139},{it:"18-11-25",iss:"2018138",n:"01
10 25 27 30 32 + 09",nr:"32 25 10 01 30 27 +
09",bn:[1,10,25,27,30,32],sn:[9],hello[0,5,1,5,1,3,10,10,6,0,1,2,14,12,1,4,8,4,9,1,7,6,1,7,0,2,0,8,3,0,4,0,4],[7,10,51,26,12,6,45,27,0,16,17,4,5,2,22,3]beautiful:[["125","134"]],io:2018138},{it:"18-11-22",iss:"2018137",n:"03
05 11 15 20 23 + 09",nr:"23 20 11 15 05 03 +
09",bn:[3,5,11,15,20,23],sn:[9],hello[2,4,0,4,0,2,9,9,5,1,0,1,13,11,0,3,7,3,8,0,6,5,0,6,1,1,1,7,2,15,3,3,3],[6,9,50,25,11,5,44,26,0,15,16,3,4,1,21,2]beautiful:[["77","86"]],io:2018137},{it:"18-11-20",iss:"2018136",n:"10
12 15 25 26 27 + 14",nr:"15 26 10 12 25 27 +
14",bn:[10,12,15,25,26,27],sn:[14],hello[1,3,1,3,6,1,8,8,4,0,1,0,12,10,0,2,6,2,7,14,5,4,8,5,0,0,0,6,1,14,2,2,2],[5,8,49,24,10,4,43,25,18,14,15,2,3,0,20,1]beautiful:[["115","129"]],io:2018136},{it:"18-11-18",iss:"2018135",n:"01
03 06 10 11 29 + 16",nr:"01 29 06 10 03 11 +
16",bn:[1,3,6,10,11,29],sn:[16],hello[0,2,0,2,5,0,7,7,3,0,0,2,11,9,3,1,5,1,6,13,4,3,7,4,11,15,12,5,0,13,1,1,1],[4,7,48,23,9,3,42,24,17,13,14,1,2,21,19,0]beautiful:[["60","76"]],io:2018135},{it:"18-11-15",iss:"2018134",n:"03
16 18 31 32 33 + 12",nr:"31 03 33 32 16 18 +
12",bn:[3,16,18,31,32,33],sn:[12],hello[2,1,0,1,4,5,6,6,2,2,1,1,10,8,2,0,4,0,5,12,3,2,6,3,10,14,11,4,19,12,0,0,0],[3,6,47,22,8,2,41,23,16,12,13,0,1,20,18,5]beautiful:[["133","145"]],io:2018134},{it:"18-11-13",iss:"2018133",n:"02
04 11 12 18 32 + 13",nr:"12 18 11 04 32 02 +
13",bn:[2,4,11,12,18,32],sn:[13],hello[1,0,8,0,3,4,5,5,1,1,0,0,9,7,1,4,3,0,4,11,2,1,5,2,9,13,10,3,18,11,2,0,2],[2,5,46,21,7,1,40,22,15,11,12,3,0,19,17,4]beautiful:[["79","92"]],io:2018133},{it:"18-11-11",iss:"2018132",n:"01
02 09 10 15 22 + 06",nr:"15 09 01 10 02 22 +
06",bn:[1,2,9,10,15,22],sn:[6],hello[0,0,7,3,2,3,4,4,0,0,5,2,8,6,0,3,2,2,3,10,1,0,4,1,8,12,9,2,17,10,1,1,1],[1,4,45,20,6,0,39,21,14,10,11,2,34,18,16,3]beautiful:[["59","65"]],io:2018132},{it:"18-11-08",iss:"2018131",n:"21
22 24 31 32 33 + 01",nr:"33 31 21 22 24 32 +
01",bn:[21,22,24,31,32,33],sn:[1],hello[5,2,6,2,1,2,3,3,5,6,4,1,7,5,4,2,1,1,2,9,0,0,3,0,7,11,8,1,16,9,0,0,0],[0,3,44,19,5,32,38,20,13,9,10,1,33,17,15,2]beautiful:[["163","164"]],io:2018131},{it:"18-11-06",iss:"2018130",n:"05
12 17 18 24 28 + 12",nr:"05 24 28 12 17 18 +
12",bn:[5,12,17,18,24,28],sn:[12],hello[4,1,5,1,0,1,2,2,4,5,3,0,6,4,3,1,0,0,1,8,7,2,2,0,6,10,7,0,15,8,7,5,10],[7,2,43,18,4,31,37,19,12,8,9,0,32,16,14,1]beautiful:[["104","116"]],io:2018130},{it:"18-11-04",iss:"2018129",n:"02
04 06 16 18 19 + 16",nr:"04 18 19 06 02 16 +
16",bn:[2,4,6,16,18,19],sn:[16],hello[3,0,4,0,2,0,1,1,3,4,2,11,5,3,2,0,12,0,0,7,6,1,1,6,5,9,6,13,14,7,6,4,9],[6,1,42,17,3,30,36,18,11,7,8,2,31,15,13,0]beautiful:[["65","81"]],io:2018129},{it:"18-11-01",iss:"2018128",n:"06
07 08 19 22 23 + 02",nr:"08 07 06 23 19 22 +
02",bn:[6,7,8,19,22,23],sn:[2],hello[2,1,3,8,1,0,0,0,2,3,1,10,4,2,1,9,11,8,0,6,5,0,0,5,4,8,5,12,13,6,5,3,8],[5,0,41,16,2,29,35,17,10,6,7,1,30,14,12,25]beautiful:[["85","87"]],io:2018128},{it:"18-10-30",iss:"2018127",n:"02
05 06 07 11 15 + 12",nr:"05 11 07 15 02 06 +
12",bn:[2,5,6,7,11,15],sn:[12],hello[1,0,2,7,0,0,0,1,1,2,0,9,3,1,0,8,10,7,3,5,4,1,6,4,3,7,4,11,12,5,4,2,7],[4,2,40,15,1,28,34,16,9,5,6,0,29,13,11,24]beautiful:[["46","58"]],io:2018127},{it:"18-10-28",iss:"2018126",n:"01
06 08 09 14 22 + 05",nr:"14 09 22 06 08 01 +
05",bn:[1,6,8,9,14,22],sn:[5],hello[0,19,1,6,4,0,4,0,0,1,1,8,2,0,1,7,9,6,2,4,3,0,5,3,2,6,3,10,11,4,3,1,6],[3,1,39,14,0,27,33,15,8,4,5,7,28,12,10,23]beautiful:[["60","65"]],io:2018126},{it:"18-10-25",iss:"2018125",n:"03
10 11 14 15 32 + 02",nr:"11 32 03 14 10 15 +
02",bn:[3,10,11,14,15,32],sn:[2],hello[10,18,0,5,3,4,3,4,1,0,0,7,1,0,0,6,8,5,1,3,2,1,4,2,1,5,2,9,10,3,2,0,5],[2,0,38,13,8,26,32,14,7,3,4,6,27,11,9,22]beautiful:[["85","87"]],io:2018125},{it:"18-10-23",iss:"2018124",n:"09
13 14 19 22 25 + 02",nr:"09 13 22 19 14 25 +
02",bn:[9,13,14,19,22,25],sn:[2],hello[9,17,4,4,2,3,2,3,0,15,7,6,0,0,7,5,7,4,0,2,1,0,3,1,0,4,1,8,9,2,1,1,4],[1,0,37,12,7,25,31,13,6,2,3,5,26,10,8,21]beautiful:[["102","104"]],io:2018124},{it:"18-10-21",iss:"2018123",n:"13
21 24 27 31 32 + 01",nr:"27 31 13 21 24 32 +
01",bn:[13,21,24,27,31,32],sn:[1],hello[8,16,3,3,1,2,1,2,10,14,6,5,0,2,6,4,6,3,2,1,0,1,2,0,2,3,0,7,8,1,0,0,3],[0,13,36,11,6,24,30,12,5,1,2,4,25,9,7,20]beautiful:[["148","149"]],io:2018123},{it:"18-10-18",iss:"2018122",n:"05
07 20 22 30 32 + 10",nr:"32 05 30 22 20 07 +
10",bn:[5,7,20,22,30,32],sn:[10],hello[7,15,2,2,0,1,0,1,9,13,5,4,3,1,5,3,5,2,1,0,4,0,1,7,1,2,2,6,7,0,4,0,2],[2,12,35,10,5,23,29,11,4,0,1,3,24,8,6,19]beautiful:[["116","126"]],io:2018122},{it:"18-10-16",iss:"2018121",n:"06
08 14 19 23 25 + 11",nr:"25 14 19 06 23 08 +
11",bn:[6,8,14,19,23,25],sn:[11],hello[6,14,1,1,5,0,7,0,8,12,4,3,2,0,4,2,4,1,0,7,3,3,0,6,0,1,1,5,6,13,3,22,1],[1,11,34,9,4,22,28,10,3,15,0,2,23,7,5,18]beautiful:[["95","106"]],io:2018121},{it:"18-10-14",iss:"2018120",n:"03
04 18 26 27 33 + 01",nr:"33 04 03 26 27 18 +
01",bn:[3,4,18,26,27,33],sn:[1],hello[5,13,0,0,4,7,6,2,7,11,3,2,1,1,3,1,3,0,5,6,2,2,3,5,1,0,0,4,5,12,2,21,0],[0,10,33,8,3,21,27,9,2,14,5,1,22,6,4,17]beautiful:[["111","112"]],io:2018120},{it:"18-10-11",iss:"2018119",n:"03
13 14 16 25 27 + 12",nr:"25 16 13 03 27 14 +
12",bn:[3,13,14,16,25,27],sn:[12],hello[4,12,0,13,3,6,5,1,6,10,2,1,0,0,2,0,2,7,4,5,1,1,2,4,0,4,0,3,4,11,1,20,10],[12,9,32,7,2,20,26,8,1,13,4,0,21,5,3,16]beautiful:[["98","110"]],io:2018119},{it:"18-10-09",iss:"2018118",n:"08
12 21 22 27 31 + 09",nr:"31 08 22 12 27 21 +
09",bn:[8,12,21,22,27,31],sn:[9],hello[3,11,14,12,2,5,4,0,5,9,1,0,3,2,1,4,1,6,3,4,0,0,1,3,1,3,0,2,3,10,0,19,9],[11,8,31,6,1,19,25,7,0,12,3,22,20,4,2,15]beautiful:[["121","130"]],io:2018118},{it:"18-10-07",iss:"2018117",n:"08
11 15 17 23 25 + 05",nr:"08 15 17 25 23 11 +
05",bn:[8,11,15,17,23,25],sn:[5],hello[2,10,13,11,1,4,3,0,4,8,0,10,2,1,0,3,0,5,2,3,7,1,0,2,0,2,3,1,2,9,5,18,8],[10,7,30,5,0,18,24,6,4,11,2,21,19,3,1,14]beautiful:[["99","104"]],io:2018117},{it:"18-10-04",iss:"2018116",n:"05
14 17 22 23 28 + 15",nr:"17 22 05 14 23 28 +
15",bn:[5,14,17,22,23,28],sn:[15],hello[1,9,12,10,0,3,2,4,3,7,6,9,1,0,2,2,0,4,1,2,6,0,0,1,3,1,2,0,1,8,4,17,7],[9,6,29,4,14,17,23,5,3,10,1,20,18,2,0,13]beautiful:[["109","124"]],io:2018116},{it:"18-10-02",iss:"2018115",n:"01
13 19 24 26 29 + 11",nr:"26 01 24 29 13 19 +
11",bn:[1,13,19,24,26,29],sn:[11],hello[0,8,11,9,3,2,1,3,2,6,5,8,0,4,1,1,18,3,0,1,5,5,5,0,2,0,1,4,0,7,3,16,6],[8,5,28,3,13,16,22,4,2,9,0,19,17,1,6,12]beautiful:[["112","123"]],io:2018115},{it:"18-09-30",iss:"2018114",n:"01
07 15 16 20 27 + 14",nr:"01 16 20 15 07 27 +
14",bn:[1,7,15,16,20,27],sn:[14],hello[0,7,10,8,2,1,0,2,1,5,4,7,4,3,0,0,17,2,8,0,4,4,4,3,1,1,0,3,10,6,2,15,5],[7,4,27,2,12,15,21,3,1,8,39,18,16,0,5,11]beautiful:[["86","100"]],io:2018114},{it:"18-09-27",iss:"2018113",n:"01
06 09 16 25 26 + 09",nr:"09 16 01 06 26 25 +
09",bn:[1,6,9,16,25,26],sn:[9],hello[0,6,9,7,1,0,2,1,0,4,3,6,3,2,10,0,16,1,7,6,3,3,3,2,0,0,24,2,9,5,1,14,4],[6,3,26,1,11,14,20,2,0,7,38,17,15,24,4,10]beautiful:[["83","92"]],io:2018113},{it:"18-09-25",iss:"2018112",n:"05
08 18 25 26 31 + 04",nr:"18 26 08 31 25 05 +
04",bn:[5,8,18,25,26,31],sn:[4],hello[1,5,8,6,0,8,1,0,9,3,2,5,2,1,9,2,15,0,6,5,2,2,2,1,0,0,23,1,8,4,0,13,3],[5,2,25,0,10,13,19,1,11,6,37,16,14,23,3,9]beautiful:[["113","117"]],io:2018112},{it:"18-09-23",iss:"2018111",n:"01
07 14 24 25 28 + 08",nr:"14 24 28 07 01 25 +
08",bn:[1,7,14,24,25,28],sn:[8],hello[0,4,7,5,3,7,0,12,8,2,1,4,1,0,8,1,14,2,5,4,1,1,1,0,0,3,22,0,7,3,2,12,2],[4,1,24,60,9,12,18,0,10,5,36,15,13,22,2,8]beautiful:[["99","107"]],io:2018111},{it:"18-09-20",iss:"2018110",n:"11
13 16 21 22 23 + 02",nr:"11 13 23 21 22 16 +
02",bn:[11,13,16,21,22,23],sn:[2],hello[3,3,6,4,2,6,11,11,7,1,0,3,0,9,7,0,13,1,4,3,0,0,0,4,4,2,21,8,6,2,1,11,1],[3,0,23,59,8,11,17,38,9,4,35,14,12,21,1,7]beautiful:[["106","108"]],io:2018110},{it:"18-09-18",iss:"2018109",n:"10
11 18 23 31 33 + 15",nr:"31 23 11 10 33 18 +
15",bn:[10,11,18,23,31,33],sn:[15],hello[2,2,5,3,1,5,10,10,6,0,0,2,1,8,6,15,12,0,3,2,1,2,0,3,3,1,20,7,5,1,0,10,0],[2,1,22,58,7,10,16,37,8,3,34,13,11,20,0,6]beautiful:[["126","141"]],io:2018109},{it:"18-09-16",iss:"2018108",n:"05
13 18 21 26 30 + 02",nr:"26 30 13 05 18 21 +
02",bn:[5,13,18,21,26,30],sn:[2],hello[1,1,4,2,0,4,9,9,5,10,6,1,0,7,5,14,11,0,2,1,0,1,5,2,2,0,19,6,4,0,21,9,7],[1,0,21,57,6,9,15,36,7,2,33,12,10,19,73,5]beautiful:[["113","115"]],io:2018108},{it:"18-09-13",iss:"2018107",n:"01
02 05 12 20 22 + 01",nr:"12 20 02 01 22 05 +
01",bn:[1,2,5,12,20,22],sn:[1],hello[0,0,3,1,0,3,8,8,4,9,5,0,2,6,4,13,10,1,1,0,5,0,4,1,1,1,18,5,3,13,20,8,6],[0,7,20,56,5,8,14,35,6,1,32,11,9,18,72,4]beautiful:[["62","63"]],io:2018107},{it:"18-09-11",iss:"2018106",n:"04
18 19 24 25 26 + 10",nr:"19 18 26 24 04 25 +
10",bn:[4,18,19,24,25,26],sn:[10],hello[5,2,2,0,1,2,7,7,3,8,4,11,1,5,3,12,9,0,0,8,4,3,3,0,0,0,17,4,2,12,19,7,5],[1,6,19,55,4,7,13,34,5,0,31,10,8,17,71,3]beautiful:[["116","126"]],io:2018106},{it:"18-09-09",iss:"2018105",n:"04
05 13 18 19 25 + 01",nr:"25 13 18 04 05 19 +
01",bn:[4,5,13,18,19,25],sn:[1],hello[4,1,1,0,0,1,6,6,2,7,3,10,0,4,2,11,8,0,0,7,3,2,2,2,0,4,16,3,1,11,18,6,4],[0,5,18,54,3,6,12,33,4,28,30,9,7,16,70,2]beautiful:[["84","85"]],io:2018105},{it:"18-09-06",iss:"2018104",n:"02
03 06 19 25 29 + 01",nr:"25 06 03 02 29 19 +
01",bn:[2,3,6,19,25,29],sn:[1],hello[3,0,0,10,8,0,5,5,1,6,2,9,13,3,1,10,7,11,0,6,2,1,1,1,0,3,15,2,0,10,17,5,3],[0,4,17,53,2,5,11,32,3,27,29,8,6,15,69,1]beautiful:[["84","85"]],io:2018104},{it:"18-09-04",iss:"2018103",n:"02
09 15 22 23 24 + 16",nr:"22 15 23 02 09 24 +
16",bn:[2,9,15,22,23,24],sn:[16],hello[2,0,2,9,7,1,4,4,0,5,1,8,12,2,0,9,6,10,1,5,1,0,0,0,4,2,14,1,2,9,16,4,2],[35,3,16,52,1,4,10,31,2,26,28,7,5,14,68,0]beautiful:[["95","111"]],io:2018103},{it:"18-09-02",iss:"2018102",n:"02
06 11 19 21 28 + 05",nr:"21 06 11 28 02 19 +
05",bn:[2,6,11,19,21,28],sn:[5],hello[1,0,1,8,6,0,3,3,6,4,0,7,11,1,2,8,5,9,0,4,0,18,12,8,3,1,13,0,1,8,15,3,1],[34,2,15,51,0,3,9,30,1,25,27,6,4,13,67,10]beautiful:[["87","92"]],io:2018102},{it:"18-08-30",iss:"2018101",n:"01
03 14 26 29 33 + 09",nr:"29 33 01 03 14 26 +
09",bn:[1,3,14,26,29,33],sn:[9],hello[0,1,0,7,5,3,2,2,5,3,1,6,10,0,1,7,4,8,9,3,6,17,11,7,2,0,12,4,0,7,14,2,0],[33,1,14,50,7,2,8,29,0,24,26,5,3,12,66,9]beautiful:[["106","115"]],io:2018101},{it:"18-08-28",iss:"2018100",n:"02
11 14 15 29 33 + 02",nr:"02 15 29 14 11 33 +
02",bn:[2,11,14,15,29,33],sn:[2],hello[3,0,1,6,4,2,1,1,4,2,0,5,9,0,0,6,3,7,8,2,5,16,10,6,1,5,11,3,0,6,13,1,0],[32,0,13,49,6,1,7,28,5,23,25,4,2,11,65,8]beautiful:[["104","106"]],io:2018100},{it:"18-08-26",iss:"2018099",n:"03
07 08 14 25 32 + 06",nr:"03 32 14 08 07 25 +
06",bn:[3,7,8,14,25,32],sn:[6],hello[2,2,0,5,3,1,0,0,3,1,1,4,8,0,20,5,2,6,7,1,4,15,9,5,0,4,10,2,1,5,12,0,4],[31,50,12,48,5,0,6,27,4,22,24,3,1,10,64,7]beautiful:[["89","95"]],io:2018099},{it:"18-08-23",iss:"2018098",n:"06
10 11 20 29 32 + 13",nr:"11 10 29 32 20 06 +
13",bn:[6,10,11,20,29,32],sn:[13],hello[1,1,10,4,2,0,4,14,2,0,0,3,7,8,19,4,1,5,6,0,3,14,8,4,1,3,9,1,0,4,11,0,3],[30,49,11,47,4,13,5,26,3,21,23,2,0,9,63,6]beautiful:[["108","121"]],io:2018098},{it:"18-08-21",iss:"2018097",n:"01
02 17 20 25 28 + 13",nr:"25 17 28 02 01 20 +
13",bn:[1,2,17,20,25,28],sn:[13],hello[0,0,9,3,1,5,3,13,1,2,2,2,6,7,18,3,0,4,5,0,2,13,7,3,0,2,8,0,4,3,10,1,2],[29,48,10,46,3,12,4,25,2,20,22,1,0,8,62,5]beautiful:[["93","106"]],io:2018097},{it:"18-08-19",iss:"2018096",n:"01
05 09 20 28 32 + 12",nr:"32 05 28 09 01 20 +
12",bn:[1,5,9,20,28,32],sn:[12],hello[0,6,8,2,0,4,2,12,0,1,1,1,5,6,17,2,5,3,4,0,1,12,6,2,5,1,7,0,3,2,9,0,1],[28,47,9,45,2,11,3,24,1,19,21,0,17,7,61,4]beautiful:[["95","107"]],io:2018096},{it:"18-08-16",iss:"2018095",n:"10
11 12 21 26 33 + 09",nr:"26 12 21 10 33 11 +
09",bn:[10,11,12,21,26,33],sn:[9],hello[5,5,7,1,7,3,1,11,6,0,0,0,4,5,16,1,4,2,3,1,0,11,5,1,4,0,6,30,2,1,8,4,0],[27,46,8,44,1,10,2,23,0,18,20,17,16,6,60,3]beautiful:[["113","122"]],io:2018095},{it:"18-08-14",iss:"2018094",n:"04
07 16 20 24 30 + 05",nr:"07 30 16 20 24 04 +
05",bn:[4,7,16,20,24,30],sn:[5],hello[4,4,6,0,6,2,0,10,5,2,3,5,3,4,15,0,3,1,2,0,1,10,4,0,3,8,5,29,1,0,7,3,1],[26,45,7,43,0,9,1,22,12,17,19,16,15,5,59,2]beautiful:[["101","106"]],io:2018094},{it:"18-08-12",iss:"2018093",n:"04
18 20 21 29 33 + 07",nr:"21 18 29 33 04 20 +
07",bn:[4,18,20,21,29,33],sn:[7],hello[3,3,5,0,5,1,7,9,4,1,2,4,2,3,14,1,2,0,1,0,0,9,3,1,2,7,4,28,0,5,6,2,0],[25,44,6,42,26,8,0,21,11,16,18,15,14,4,58,1]beautiful:[["125","132"]],io:2018093},{it:"18-08-09",iss:"2018092",n:"06
10 16 19 24 33 + 16",nr:"10 19 16 06 24 33 +
16",bn:[6,10,16,19,24,33],sn:[16],hello[2,2,4,2,4,0,6,8,3,0,1,3,1,2,13,0,1,3,0,10,6,8,2,0,1,6,3,27,4,4,5,1,0],[24,43,5,41,25,7,1,20,10,15,17,14,13,3,57,0]beautiful:[["108","124"]],io:2018092},{it:"18-08-07",iss:"2018091",n:"06
11 13 17 25 32 + 07",nr:"13 25 06 11 32 17 +
07",bn:[6,11,13,17,25,32],sn:[7],hello[1,1,3,1,3,0,5,7,2,1,0,2,0,1,12,4,0,2,19,9,5,7,1,7,0,5,2,26,3,3,4,0,6],[23,42,4,40,24,6,0,19,9,14,16,13,12,2,56,5]beautiful:[["104","111"]],io:2018091},{it:"18-08-05",iss:"2018090",n:"01
02 04 10 14 23 + 07",nr:"04 10 01 23 02 14 +
07",bn:[1,2,4,10,14,23],sn:[7],hello[0,0,2,0,2,1,4,6,1,0,16,1,10,0,11,3,4,1,18,8,4,6,0,6,5,4,1,25,2,2,3,2,5],[22,41,3,39,23,5,0,18,8,13,15,12,11,1,55,4]beautiful:[["54","61"]],io:2018090},{it:"18-08-02",iss:"2018089",n:"06
09 12 14 18 27 + 14",nr:"06 27 18 12 09 14 +
14",bn:[6,9,12,14,18,27],sn:[14],hello[2,3,1,4,1,0,3,5,0,2,15,0,9,0,10,2,3,0,17,7,3,5,3,5,4,3,0,24,1,1,2,1,4],[21,40,2,38,22,4,28,17,7,12,14,11,10,0,54,3]beautiful:[["86","100"]],io:2018089},{it:"18-07-31",iss:"2018088",n:"03
05 12 29 30 32 + 14",nr:"29 30 03 12 05 32 +
14",bn:[3,5,12,29,30,32],sn:[14],hello[1,2,0,3,0,4,2,4,5,1,14,0,8,6,9,1,2,1,16,6,2,4,2,4,3,2,14,23,0,0,1,0,3],[20,39,1,37,21,3,27,16,6,11,13,10,9,0,53,2]beautiful:[["111","125"]],io:2018088},{it:"18-07-29",iss:"2018087",n:"01
05 10 16 18 31 + 03",nr:"01 31 05 18 16 10 +
03",bn:[1,5,10,16,18,31],sn:[3],hello[0,1,9,2,0,3,1,3,4,0,13,3,7,5,8,0,1,0,15,5,1,3,1,3,2,1,13,22,7,2,0,4,2],[19,38,0,36,20,2,26,15,5,10,12,9,8,35,52,1]beautiful:[["81","84"]],io:2018087},{it:"18-07-26",iss:"2018086",n:"02
07 17 21 23 26 + 16",nr:"21 07 23 17 02 26 +
16",bn:[2,7,17,21,23,26],sn:[16],hello[5,0,8,1,2,2,0,2,3,1,12,2,6,4,7,5,0,3,14,4,0,2,0,2,1,0,12,21,6,1,17,3,1],[18,37,2,35,19,1,25,14,4,9,11,8,7,34,51,0]beautiful:[["96","112"]],io:2018086},{it:"18-07-24",iss:"2018085",n:"04
10 25 26 30 33 + 06",nr:"10 30 04 26 33 25 +
06",bn:[4,10,25,26,30,33],sn:[6],hello[4,4,7,0,1,1,5,1,2,0,11,1,5,3,6,4,6,2,13,3,2,1,12,1,0,0,11,20,5,0,16,2,0],[17,36,1,34,18,0,24,13,3,8,10,7,6,33,50,31]beautiful:[["128","134"]],io:2018085},{it:"18-07-22",iss:"2018084",n:"05
06 08 12 22 24 + 03",nr:"06 22 24 08 12 05 +
03",bn:[5,6,8,12,22,24],sn:[3],hello[3,3,6,1,0,0,4,0,1,6,10,0,4,2,5,3,5,1,12,2,1,0,11,0,12,3,10,19,4,6,15,1,1],[16,35,0,33,17,31,23,12,2,7,9,6,5,32,49,30]beautiful:[["77","80"]],io:2018084},{it:"18-07-19",iss:"2018083",n:"04
09 18 21 32 33 + 03",nr:"33 04 32 18 09 21 +
03",bn:[4,9,18,21,32,33],sn:[3],hello[2,2,5,0,6,1,3,7,0,5,9,1,3,1,4,2,4,0,11,1,0,1,10,1,11,2,9,18,3,5,14,0,0],[15,34,0,32,16,30,22,11,1,6,8,5,4,31,48,29]beautiful:[["117","120"]],io:2018083},{it:"18-07-17",iss:"2018082",n:"06
12 14 20 22 24 + 09",nr:"20 22 14 24 12 06 +
09",bn:[6,12,14,20,22,24],sn:[9],hello[1,1,4,2,5,0,2,6,5,4,8,0,2,0,3,1,3,4,10,0,18,0,9,0,10,1,8,17,2,4,13,23,2],[14,33,1,31,15,29,21,10,0,5,7,4,3,30,47,28]beautiful:[["98","107"]],io:2018082},{it:"18-07-15",iss:"2018081",n:"01
02 12 16 20 26 + 03",nr:"26 02 20 12 16 01 +
03",bn:[1,2,12,16,20,26],sn:[3],hello[0,0,3,1,4,10,1,5,4,3,7,0,1,2,2,0,2,3,9,0,17,2,8,2,9,0,7,16,1,3,12,22,1],[13,32,0,30,14,28,20,9,7,4,6,3,2,29,46,27]beautiful:[["77","80"]],io:2018081},{it:"18-07-12",iss:"2018080",n:"04
07 13 20 29 33 + 03",nr:"33 20 04 13 07 29 +
03",bn:[4,7,13,20,29,33],sn:[3],hello[13,3,2,0,3,9,0,4,3,2,6,5,0,1,1,7,1,2,8,0,16,1,7,1,8,14,6,15,0,2,11,21,0],[12,31,0,29,13,27,19,8,6,3,5,2,1,28,45,26]beautiful:[["106","109"]],io:2018080},{it:"18-07-10",iss:"2018079",n:"14
15 17 22 24 29 + 13",nr:"17 15 29 22 24 14 +
13",bn:[14,15,17,22,24,29],sn:[13],hello[12,2,1,9,2,8,3,3,2,1,5,4,4,0,0,6,0,1,7,2,15,0,6,0,7,13,5,14,0,1,10,20,14],[11,30,8,28,12,26,18,7,5,2,4,1,0,27,44,25]beautiful:[["121","134"]],io:2018079},{it:"18-07-08",iss:"2018078",n:"03
10 14 17 18 30 + 12",nr:"10 18 03 30 14 17 +
12",bn:[3,10,14,17,18,30],sn:[12],hello[11,1,0,8,1,7,2,2,1,0,4,3,3,0,1,5,0,0,6,1,14,3,5,1,6,12,4,13,2,0,9,19,13],[10,29,7,27,11,25,17,6,4,1,3,0,2,26,43,24]beautiful:[["92","104"]],io:2018078},{it:"18-07-05",iss:"2018077",n:"02
05 09 15 20 24 + 10",nr:"05 24 20 15 09 02 +
10",bn:[2,5,9,15,20,24],sn:[10],hello[10,0,1,7,0,6,1,1,0,9,3,2,2,3,0,4,8,10,5,0,13,2,4,0,5,11,3,12,1,1,8,18,12],[9,28,6,26,10,24,16,5,3,0,2,8,1,25,42,23]beautiful:[["75","85"]],io:2018077},{it:"18-07-03",iss:"2018076",n:"03
07 08 15 29 30 + 13",nr:"30 03 29 15 07 08 +
13",bn:[3,7,8,15,29,30],sn:[13],hello[9,3,0,6,5,5,0,0,1,8,2,1,1,2,0,3,7,9,4,2,12,1,3,1,4,10,2,11,0,0,7,17,11],[8,27,5,25,9,23,15,4,2,3,1,7,0,24,41,22]beautiful:[["92","105"]],io:2018076},{it:"18-07-01",iss:"2018075",n:"07
09 12 13 22 24 + 11",nr:"09 22 13 24 07 12 +
11",bn:[7,9,12,13,22,24],sn:[11],hello[8,2,19,5,4,4,0,7,0,7,1,0,0,1,2,2,6,8,3,1,11,0,2,0,3,9,1,10,33,1,6,16,10],[7,26,4,24,8,22,14,3,1,2,0,6,18,23,40,21]beautiful:[["87","98"]],io:2018075},{it:"18-06-28",iss:"2018074",n:"09
11 14 20 27 30 + 09",nr:"30 27 09 20 11 14 +
09",bn:[9,11,14,20,27,30],sn:[9],hello[7,1,18,4,3,3,16,6,0,6,0,7,3,0,1,1,5,7,2,0,10,2,1,12,2,8,0,9,32,0,5,15,9],[6,25,3,23,7,21,13,2,0,1,12,5,17,22,39,20]beautiful:[["111","120"]],io:2018074},{it:"18-06-26",iss:"2018073",n:"02
09 14 15 16 23 + 10",nr:"09 23 02 15 16 14 +
10",bn:[2,9,14,15,16,23],sn:[10],hello[6,0,17,3,2,2,15,5,0,5,1,6,2,0,0,0,4,6,1,5,9,1,0,11,1,7,3,8,31,1,4,14,8],[5,24,2,22,6,20,12,1,35,0,11,4,16,21,38,19]beautiful:[["79","89"]],io:2018073},{it:"18-06-24",iss:"2018072",n:"11
16 19 22 25 30 + 08",nr:"16 22 25 19 11 30 +
08",bn:[11,16,19,22,25,30],sn:[8],hello[5,1,16,2,1,1,14,4,2,4,0,5,1,7,2,0,3,5,0,4,8,0,3,10,0,6,2,7,30,0,3,13,7],[4,23,1,21,5,19,11,0,34,2,10,3,15,20,37,18]beautiful:[["123","131"]],io:2018072},{it:"18-06-21",iss:"2018071",n:"02
05 06 13 16 19 + 03",nr:"13 16 05 06 19 02 +
03",bn:[2,5,6,13,16,19],sn:[3],hello[4,0,15,1,0,0,13,3,1,3,7,4,0,6,1,0,2,4,0,3,7,5,2,9,8,5,1,6,29,3,2,12,6],[3,22,0,20,4,18,10,75,33,1,9,2,14,19,36,17]beautiful:[["61","64"]],io:2018071},{it:"18-06-19",iss:"2018070",n:"04
09 15 16 19 27 + 10",nr:"04 19 16 27 09 15 +
10",bn:[4,9,15,16,19,27],sn:[10],hello[3,6,14,0,6,1,12,2,0,2,6,3,1,5,0,0,1,3,0,2,6,4,1,8,7,4,0,5,28,2,1,11,5],[2,21,24,19,3,17,9,74,32,0,8,1,13,18,35,16]beautiful:[["90","100"]],io:2018070},{it:"18-06-17",iss:"2018069",n:"06
13 17 19 23 31 + 12",nr:"23 06 31 19 13 17 +
12",bn:[6,13,17,19,23,31],sn:[12],hello[2,5,13,2,5,0,11,1,2,1,5,2,0,4,2,3,0,2,0,1,5,3,0,7,6,3,1,4,27,1,0,10,4],[1,20,23,18,2,16,8,73,31,3,7,0,12,17,34,15]beautiful:[["109","121"]],io:2018069},{it:"18-06-14",iss:"2018068",n:"08
10 17 20 27 30 + 01",nr:"08 10 17 30 20 27 +
01",bn:[8,10,17,20,27,30],sn:[1],hello[1,4,12,1,4,3,10,0,1,0,4,1,8,3,1,2,0,1,2,0,4,2,7,6,5,2,0,3,26,0,8,9,3],[0,19,22,17,1,15,7,72,30,2,6,5,11,16,33,14]beautiful:[["112","113"]],io:2018068},{it:"18-06-12",iss:"2018067",n:"01
04 09 12 15 18 + 05",nr:"12 09 01 18 15 04 +
05",bn:[1,4,9,12,15,18],sn:[5],hello[0,3,11,0,3,2,9,7,0,3,3,0,7,2,0,1,1,0,1,4,3,1,6,5,4,1,14,2,25,7,7,8,2],[2,18,21,16,0,14,6,71,29,1,5,4,10,15,32,13]beautiful:[["59","64"]],io:2018067},{it:"18-06-10",iss:"2018066",n:"09
16 17 19 22 26 + 10",nr:"22 16 17 19 09 26 +
10",bn:[9,16,17,19,22,26],sn:[10],hello[1,2,10,1,2,1,8,6,0,2,2,5,6,1,9,0,0,4,0,3,2,0,5,4,3,0,13,1,24,6,6,7,1],[1,17,20,15,2,13,5,70,28,0,4,3,9,14,31,12]beautiful:[["109","119"]],io:2018066},{it:"18-06-07",iss:"2018065",n:"01
04 06 14 28 33 + 01",nr:"06 01 28 04 33 14 +
01",bn:[1,4,6,14,28,33],sn:[1],hello[0,1,9,0,1,0,7,5,4,1,1,4,5,0,8,2,1,3,3,2,1,6,4,3,2,7,12,0,23,5,5,6,0],[0,16,19,14,1,12,4,69,27,5,3,2,8,13,30,11]beautiful:[["86","87"]],io:2018065},{it:"18-06-05",iss:"2018064",n:"02
05 10 11 17 21 + 05",nr:"11 21 05 17 10 02 +
05",bn:[2,5,10,11,17,21],sn:[5],hello[8,0,8,4,0,1,6,4,3,0,0,3,4,11,7,1,0,2,2,1,0,5,3,2,1,6,11,22,22,4,4,5,2],[8,15,18,13,0,11,3,68,26,4,2,1,7,12,29,10]beautiful:[["66","71"]],io:2018064},{it:"18-06-03",iss:"2018063",n:"05
06 10 16 20 25 + 12",nr:"05 16 10 25 20 06 +
12",bn:[5,6,10,16,20,25],sn:[12],hello[7,1,7,3,0,0,5,3,2,0,2,2,3,10,6,0,6,1,1,0,7,4,2,1,0,5,10,21,21,3,3,4,1],[7,14,17,12,34,10,2,67,25,3,1,0,6,11,28,9]beautiful:[["82","94"]],io:2018063},{it:"18-05-31",iss:"2018062",n:"02
18 19 24 25 33 + 11",nr:"19 24 33 02 25 18 +
11",bn:[2,18,19,24,25,33],sn:[11],hello[6,0,6,2,5,3,4,2,1,1,1,1,2,9,5,4,5,0,0,5,6,3,1,0,0,4,9,20,20,2,2,3,0],[6,13,16,11,33,9,1,66,24,2,0,20,5,10,27,8]beautiful:[["121","132"]],io:2018062},{it:"18-05-29",iss:"2018061",n:"09
10 11 12 18 23 + 07",nr:"10 18 23 11 09 12 +
07",bn:[9,10,11,12,18,23],sn:[7],hello[5,11,5,1,4,2,3,1,0,0,0,0,1,8,4,3,4,0,4,4,5,2,0,18,1,3,8,19,19,1,1,2,7],[5,12,15,10,32,8,0,65,23,1,2,19,4,9,26,7]beautiful:[["83","90"]],io:2018061},{it:"18-05-27",iss:"2018060",n:"04
08 13 25 30 31 + 10",nr:"13 08 31 25 04 30 +
10",bn:[4,8,13,25,30,31],sn:[10],hello[4,10,4,0,3,1,2,0,5,5,7,2,0,7,3,2,3,6,3,3,4,1,9,17,0,2,7,18,18,0,0,1,6],[4,11,14,9,31,7,2,64,22,0,1,18,3,8,25,6]beautiful:[["111","121"]],io:2018060},{it:"18-05-24",iss:"2018059",n:"04
06 08 13 22 32 + 11",nr:"22 06 04 32 13 08 +
11",bn:[4,6,8,13,22,32],sn:[11],hello[3,9,3,0,2,0,1,0,4,4,6,1,0,6,2,1,2,5,2,2,3,0,8,16,5,1,6,17,17,2,1,0,5],[3,10,13,8,30,6,1,63,21,22,0,17,2,7,24,5]beautiful:[["85","96"]],io:2018059},{it:"18-05-22",iss:"2018058",n:"07
12 13 16 26 31 + 07",nr:"07 16 13 31 12 26 +
07",bn:[7,12,13,16,26,31],sn:[7],hello[2,8,2,4,1,2,0,15,3,3,5,0,0,5,1,0,1,4,1,1,2,3,7,15,4,0,5,16,16,1,0,6,4],[2,9,12,7,29,5,0,62,20,21,47,16,1,6,23,4]beautiful:[["105","112"]],io:2018058},{it:"18-05-20",iss:"2018057",n:"05
15 17 19 20 30 + 13",nr:"19 15 20 17 30 05 +
13",bn:[5,15,17,19,20,30],sn:[13],hello[1,7,1,3,0,1,2,14,2,2,4,2,11,4,0,10,0,3,0,0,1,2,6,14,3,1,4,15,15,0,6,5,3],[1,8,11,6,28,4,2,61,19,20,46,15,0,5,22,3]beautiful:[["106","119"]],io:2018057},{it:"18-05-17",iss:"2018056",n:"01
03 06 20 21 26 + 01",nr:"20 03 06 21 01 26 +
01",bn:[1,3,6,20,21,26],sn:[1],hello[0,6,0,2,4,0,1,13,1,1,3,1,10,3,4,9,12,2,6,0,0,1,5,13,2,0,3,14,14,8,5,4,2],[0,7,10,5,27,3,1,60,18,19,45,14,15,4,21,2]beautiful:[["77","78"]],io:2018056},{it:"18-05-15",iss:"2018055",n:"07
09 10 12 22 26 + 07",nr:"07 09 22 26 12 10 +
07",bn:[7,9,10,12,22,26],sn:[7],hello[2,5,3,1,3,1,0,12,0,0,2,0,9,2,3,8,11,1,5,4,12,0,4,12,1,0,2,13,13,7,4,3,1],[10,6,9,4,26,2,0,59,17,18,44,13,14,3,20,1]beautiful:[["86","93"]],io:2018055},{it:"18-05-13",iss:"2018054",n:"04
06 18 22 25 33 + 16",nr:"33 04 06 22 18 25 +
16",bn:[4,6,18,22,25,33],sn:[16],hello[1,4,2,0,2,0,3,11,2,1,1,6,8,1,2,7,10,0,4,3,11,0,3,11,0,9,1,12,12,6,3,2,0],[9,5,8,3,25,1,4,58,16,17,43,12,13,2,19,0]beautiful:[["108","124"]],io:2018054},{it:"18-05-10",iss:"2018053",n:"01
04 10 11 14 27 + 06",nr:"11 27 04 14 10 01 +
06",bn:[1,4,10,11,14,27],sn:[6],hello[0,3,1,0,1,1,2,10,1,0,0,5,7,0,1,6,9,3,3,2,10,6,2,10,5,8,0,11,11,5,2,1,17],[8,4,7,2,24,0,3,57,15,16,42,11,12,1,18,13]beautiful:[["67","73"]],io:2018053},{it:"18-05-08",iss:"2018052",n:"03
05 06 09 15 32 + 14",nr:"06 03 15 09 05 32 +
14",bn:[3,5,6,9,15,32],sn:[14],hello[2,2,0,2,0,0,1,9,0,2,3,4,6,6,0,5,8,2,2,1,9,5,1,9,4,7,1,10,10,4,1,0,16],[7,3,6,1,23,8,2,56,14,15,41,10,11,0,17,12]beautiful:[["70","84"]],io:2018052},{it:"18-05-06",iss:"2018051",n:"05
07 20 23 27 31 + 04",nr:"27 31 05 20 23 07 +
04",bn:[5,7,20,23,27,31],sn:[4],hello[1,1,2,1,0,4,0,8,7,1,2,3,5,5,13,4,7,1,1,0,8,4,0,8,3,6,0,9,9,3,0,10,15],[6,2,5,0,22,7,1,55,13,14,40,9,10,20,16,11]beautiful:[["113","117"]],io:2018051},{it:"18-05-03",iss:"2018050",n:"01
02 04 10 18 19 + 07",nr:"04 02 01 10 18 19 +
07",bn:[1,2,4,10,18,19],sn:[7],hello[0,0,1,0,6,3,3,7,6,0,1,2,4,4,12,3,6,0,0,2,7,3,1,7,2,5,6,8,8,2,2,9,14],[5,1,4,14,21,6,0,54,12,13,39,8,9,19,15,10]beautiful:[["54","61"]],io:2018050},{it:"18-05-01",iss:"2018049",n:"01
03 04 11 19 23 + 02",nr:"19 03 01 11 04 23 +
02",bn:[1,3,4,11,19,23],sn:[2],hello[0,18,0,0,5,2,2,6,5,3,0,1,3,3,11,2,5,3,0,1,6,2,0,6,1,4,5,7,7,1,1,8,13],[4,0,3,13,20,5,2,53,11,12,38,7,8,18,14,9]beautiful:[["61","63"]],io:2018049},{it:"18-04-29",iss:"2018048",n:"01
12 20 25 30 31 + 02",nr:"31 25 20 12 30 01 +
02",bn:[1,12,20,25,30,31],sn:[2],hello[0,17,3,3,4,1,1,5,4,2,13,0,2,2,10,1,4,2,9,0,5,1,7,5,0,3,4,6,6,0,0,7,12],[3,0,2,12,19,4,1,52,10,11,37,6,7,17,13,8]beautiful:[["119","121"]],io:2018048},{it:"18-04-26",iss:"2018047",n:"06
07 12 16 22 25 + 07",nr:"07 25 12 06 22 16 +
07",bn:[6,7,12,16,22,25],sn:[7],hello[4,16,2,2,3,0,0,4,3,1,12,0,1,1,9,0,3,1,8,1,4,0,6,4,0,2,3,5,5,2,1,6,11],[2,23,1,11,18,3,0,51,9,10,36,5,6,16,12,7]beautiful:[["88","95"]],io:2018047},{it:"18-04-24",iss:"2018046",n:"10
13 14 18 20 31 + 03",nr:"10 18 14 20 13 31 +
03",bn:[10,13,14,18,20,31],sn:[3],hello[3,15,1,1,2,1,5,3,2,0,11,2,0,0,8,15,2,0,7,0,3,12,5,3,1,1,2,4,4,1,0,5,10],[1,22,0,10,17,2,3,50,8,9,35,4,5,15,11,6]beautiful:[["106","109"]],io:2018046},{it:"18-04-22",iss:"2018045",n:"03
04 06 25 26 30 + 01",nr:"04 30 06 25 03 26 +
01",bn:[3,4,6,25,26,30],sn:[1],hello[2,14,0,0,1,0,4,2,1,3,10,1,5,15,7,14,1,5,6,4,2,11,4,2,0,0,1,3,3,0,3,4,9],[0,21,6,9,16,1,2,49,7,8,34,3,4,14,10,5]beautiful:[["94","95"]],io:2018045},{it:"18-04-19",iss:"2018044",n:"05
09 12 17 27 30 + 06",nr:"09 30 27 17 12 05 +
06",bn:[5,9,12,17,27,30],sn:[6],hello[1,13,4,1,0,1,3,1,0,2,9,0,4,14,6,13,0,4,5,3,1,10,3,1,6,8,0,2,2,0,2,3,8],[83,20,5,8,15,0,1,48,6,7,33,2,3,13,9,4]beautiful:[["100","106"]],io:2018044},{it:"18-04-17",iss:"2018043",n:"01
04 06 08 21 24 + 07",nr:"21 04 06 08 01 24 +
07",bn:[1,4,6,8,21,24],sn:[7],hello[0,12,3,0,9,0,2,0,14,1,8,4,3,13,5,12,7,3,4,2,0,9,2,0,5,7,6,1,1,6,1,2,7],[82,19,4,7,14,10,0,47,5,6,32,1,2,12,8,3]beautiful:[["64","71"]],io:2018043},{it:"18-04-15",iss:"2018042",n:"06
10 21 28 29 31 + 12",nr:"31 21 28 06 29 10 +
12",bn:[6,10,21,28,29,31],sn:[12],hello[2,11,2,9,8,0,1,1,13,0,7,3,2,12,4,11,6,2,3,1,0,8,1,1,4,6,5,0,0,5,0,1,6],[81,18,3,6,13,9,12,46,4,5,31,0,1,11,7,2]beautiful:[["125","137"]],io:2018042},{it:"18-04-12",iss:"2018041",n:"07
08 20 23 24 32 + 13",nr:"23 08 07 24 20 32 +
13",bn:[7,8,20,23,24,32],sn:[13],hello[1,10,1,8,7,4,0,0,12,6,6,2,1,11,3,10,5,1,2,0,9,7,0,0,3,5,4,3,3,4,17,0,5],[80,17,2,5,12,8,11,45,3,4,30,24,0,10,6,1]beautiful:[["114","127"]],io:2018041},{it:"18-04-10",iss:"2018040",n:"01
03 08 13 18 23 + 16",nr:"18 03 08 23 01 13 +
16",bn:[1,3,8,13,18,23],sn:[16],hello[0,9,0,7,6,3,3,0,11,5,5,1,0,10,2,9,4,0,1,7,8,6,0,2,2,4,3,2,2,3,16,1,4],[79,16,1,4,11,7,10,44,2,3,29,23,32,9,5,0]beautiful:[["66","82"]],io:2018040},{it:"18-04-08",iss:"2018039",n:"08
12 18 19 23 32 + 03",nr:"32 12 19 08 18 23 +
03",bn:[8,12,18,19,23,32],sn:[3],hello[2,8,11,6,5,2,2,0,10,4,4,0,9,9,1,8,3,0,0,6,7,5,0,1,1,3,2,1,1,2,15,0,3],[78,15,0,3,10,6,9,43,1,2,28,22,31,8,4,11]beautiful:[["112","115"]],io:2018039},{it:"18-04-05",iss:"2018038",n:"15
23 24 25 28 29 + 09",nr:"23 24 29 15 28 25 +
09",bn:[15,23,24,25,28,29],sn:[9],hello[1,7,10,5,4,1,1,1,9,3,3,12,8,8,0,7,2,7,5,5,6,4,0,0,0,2,1,0,0,1,14,6,2],[77,14,16,2,9,5,8,42,0,1,27,21,30,7,3,10]beautiful:[["144","153"]],io:2018038},{it:"18-04-03",iss:"2018037",n:"01
06 07 08 27 30 + 10",nr:"30 08 01 07 06 27 +
10",bn:[1,6,7,8,27,30],sn:[10],hello[0,6,9,4,3,0,0,0,8,2,2,11,7,7,14,6,1,6,4,4,5,3,2,1,5,1,0,1,14,0,13,5,1],[76,13,15,1,8,4,7,41,18,0,26,20,29,6,2,9]beautiful:[["79","89"]],io:2018037},{it:"18-04-01",iss:"2018036",n:"08
17 24 26 28 33 + 04",nr:"24 28 08 26 33 17 +
04",bn:[8,17,24,26,28,33],sn:[4],hello[2,5,8,3,2,15,1,0,7,1,1,10,6,6,13,5,0,5,3,3,4,2,1,0,4,0,5,0,13,5,12,4,0],[75,12,14,0,7,3,6,40,17,44,25,19,28,5,1,8]beautiful:[["136","140"]],io:2018036},{it:"18-03-29",iss:"2018035",n:"07
10 11 17 23 28 + 15",nr:"10 07 23 17 11 28 +
15",bn:[7,10,11,17,23,28],sn:[15],hello[1,4,7,2,1,14,0,7,6,0,0,9,5,5,12,4,0,4,2,2,3,1,0,3,3,1,4,0,12,4,11,3,2],[74,11,13,9,6,2,5,39,16,43,24,18,27,4,0,7]beautiful:[["96","111"]],io:2018035},{it:"18-03-27",iss:"2018034",n:"01
05 11 22 23 26 + 15",nr:"23 05 22 11 26 01 +
15",bn:[1,5,11,22,23,26],sn:[15],hello[0,3,6,1,0,13,7,6,5,14,0,8,4,4,11,3,24,3,1,1,2,0,0,2,2,0,3,1,11,3,10,2,1],[73,10,12,8,5,1,4,38,15,42,23,17,26,3,0,6]beautiful:[["88","103"]],io:2018034},{it:"18-03-25",iss:"2018033",n:"04
19 20 22 28 33 + 06",nr:"33 20 04 19 28 22 +
06",bn:[4,19,20,22,28,33],sn:[6],hello[4,2,5,0,24,12,6,5,4,13,5,7,3,3,10,2,23,2,0,0,1,0,1,1,1,7,2,0,10,2,9,1,0],[72,9,11,7,4,0,3,37,14,41,22,16,25,2,18,5]beautiful:[["126","132"]],io:2018033},{it:"18-03-22",iss:"2018032",n:"21
22 23 24 25 32 + 06",nr:"25 22 23 21 32 24 +
06",bn:[21,22,23,24,25,32],sn:[6],hello[3,1,4,6,23,11,5,4,3,12,4,6,2,2,9,1,22,1,1,2,0,0,0,0,0,6,1,5,9,1,8,0,2],[71,8,10,6,3,0,2,36,13,40,21,15,24,1,17,4]beautiful:[["147","153"]],io:2018032},{it:"18-03-20",iss:"2018031",n:"02
16 18 19 27 30 + 14",nr:"19 16 30 27 18 02 +
14",bn:[2,16,18,19,27,30],sn:[14],hello[2,0,3,5,22,10,4,3,2,11,3,5,1,1,8,0,21,0,0,1,1,2,3,17,1,5,0,4,8,0,7,5,1],[70,7,9,5,2,18,1,35,12,39,20,14,23,0,16,3]beautiful:[["112","126"]],io:2018031},{it:"18-03-18",iss:"2018030",n:"13
14 20 21 25 33 + 07",nr:"13 14 20 33 25 21 +
07",bn:[13,14,20,21,25,33],sn:[7],hello[1,1,2,4,21,9,3,2,1,10,2,4,0,0,7,5,20,2,5,0,0,1,2,16,0,4,12,3,7,10,6,4,0],[69,6,8,4,1,17,0,34,11,38,19,13,22,5,15,2]beautiful:[["126","133"]],io:2018030},{it:"18-03-15",iss:"2018029",n:"01
02 09 14 22 25 + 05",nr:"02 22 09 14 25 01 +
05",bn:[1,2,9,14,22,25],sn:[5],hello[0,0,1,3,20,8,2,1,0,9,1,3,4,0,6,4,19,1,4,14,4,0,1,15,0,3,11,2,6,9,5,3,14],[68,5,7,3,0,16,11,33,10,37,18,12,21,4,14,1]beautiful:[["73","78"]],io:2018029},{it:"18-03-13",iss:"2018028",n:"03
08 11 14 18 23 + 16",nr:"08 03 18 11 14 23 +
16",bn:[3,8,11,14,18,23],sn:[16],hello[12,1,0,2,19,7,1,0,1,8,0,2,3,0,5,3,18,0,3,13,3,4,0,14,3,2,10,1,5,8,4,2,13],[67,4,6,2,1,15,10,32,9,36,17,11,20,3,13,0]beautiful:[["77","93"]],io:2018028},{it:"18-03-11",iss:"2018027",n:"02
07 09 14 18 28 + 05",nr:"28 07 14 09 18 02 +
05",bn:[2,7,9,14,18,28],sn:[5],hello[11,0,6,1,18,6,0,14,0,7,3,1,2,0,4,2,17,0,2,12,2,3,5,13,2,1,9,0,4,7,3,1,12],[66,3,5,1,0,14,9,31,8,35,16,10,19,2,12,4]beautiful:[["78","83"]],io:2018027},{it:"18-03-08",iss:"2018026",n:"04
07 12 14 26 32 + 04",nr:"04 07 26 12 14 32 +
04",bn:[4,7,12,14,26,32],sn:[4],hello[10,8,5,0,17,5,0,13,6,6,2,0,1,0,3,1,16,8,1,11,1,2,4,12,1,0,8,5,3,6,2,0,11],[65,2,4,0,6,13,8,30,7,34,15,9,18,1,11,3]beautiful:[["95","99"]],io:2018026},{it:"18-03-06",iss:"2018025",n:"04
13 16 19 21 25 + 14",nr:"25 13 04 21 16 19 +
14",bn:[4,13,16,19,21,25],sn:[14],hello[9,7,4,0,16,4,3,12,5,5,1,2,0,3,2,0,15,7,0,10,0,1,3,11,0,1,7,4,2,5,1,1,10],[64,1,3,22,5,12,7,29,6,33,14,8,17,0,10,2]beautiful:[["98","112"]],io:2018025},{it:"18-03-04",iss:"2018024",n:"11
19 22 26 31 32 + 02",nr:"32 11 26 19 31 22 +
02",bn:[11,19,22,26,31,32],sn:[2],hello[8,6,3,3,15,3,2,11,4,4,0,1,6,2,1,1,14,6,0,9,1,0,2,10,6,0,6,3,1,4,0,0,9],[63,0,2,21,4,11,6,28,5,32,13,7,16,3,9,1]beautiful:[["141","143"]],io:2018024},{it:"18-03-01",iss:"2018023",n:"12
15 16 21 26 29 + 16",nr:"16 29 26 12 15 21 +
16",bn:[12,15,16,21,26,29],sn:[16],hello[7,5,2,2,14,2,1,10,3,3,2,0,5,1,0,0,13,5,1,8,0,1,1,9,5,0,5,2,0,3,9,6,8],[62,39,1,20,3,10,5,27,4,31,12,6,15,2,8,0]beautiful:[["119","135"]],io:2018023},{it:"18-02-27",iss:"2018022",n:"07
14 19 21 22 23 + 03",nr:"14 22 19 21 07 23 +
03",bn:[7,14,19,21,22,23],sn:[3],hello[6,4,1,1,13,1,0,9,2,2,1,3,4,0,7,3,12,4,0,7,0,0,0,8,4,5,4,1,16,2,8,5,7],[61,38,0,19,2,9,4,26,3,30,11,5,14,1,7,6]beautiful:[["106","109"]],io:2018022},{it:"18-02-25",iss:"2018021",n:"03
04 06 11 23 28 + 14",nr:"04 11 28 06 23 03 +
14",bn:[3,4,6,11,23,28],sn:[14],hello[5,3,0,0,12,0,15,8,1,1,0,2,3,1,6,2,11,3,9,6,2,8,0,7,3,4,3,0,15,1,7,4,6],[60,37,11,18,1,8,3,25,2,29,10,4,13,0,6,5]beautiful:[["75","89"]],io:2018021},{it:"18-02-22",iss:"2018020",n:"06
09 10 14 28 30 + 05",nr:"10 30 14 06 09 28 +
05",bn:[6,9,10,14,28,30],sn:[5],hello[4,2,1,26,11,0,14,7,0,0,1,1,2,0,5,1,10,2,8,5,1,7,1,6,2,3,2,0,14,0,6,3,5],[59,36,10,17,0,7,2,24,1,28,9,3,12,27,5,4]beautiful:[["97","102"]],io:2018020},{it:"18-02-13",iss:"2018019",n:"03
11 12 16 21 23 + 09",nr:"21 16 23 11 03 12 +
09",bn:[3,11,12,16,21,23],sn:[9],hello[3,1,0,25,10,2,13,6,5,8,0,0,1,12,4,0,9,1,7,4,0,6,0,5,1,2,1,5,13,2,5,2,4],[58,35,9,16,19,6,1,23,0,27,8,2,11,26,4,3]beautiful:[["86","95"]],io:2018019},{it:"18-02-11",iss:"2018018",n:"02
12 13 18 25 27 + 07",nr:"27 02 25 13 18 12 +
07",bn:[2,12,13,18,25,27],sn:[7],hello[2,0,1,24,9,1,12,5,4,7,1,0,0,11,3,15,8,0,6,3,3,5,7,4,0,1,0,4,12,1,4,1,3],[57,34,8,15,18,5,0,22,28,26,7,1,10,25,3,2]beautiful:[["97","104"]],io:2018018},{it:"18-02-08",iss:"2018017",n:"03
06 11 26 30 32 + 12",nr:"06 30 03 11 26 32 +
12",bn:[3,6,11,26,30,32],sn:[12],hello[1,11,0,23,8,0,11,4,3,6,0,1,4,10,2,14,7,1,5,2,2,4,6,3,1,0,1,3,11,0,3,0,2],[56,33,7,14,17,4,3,21,27,25,6,0,9,24,2,1]beautiful:[["108","120"]],io:2018017},{it:"18-02-06",iss:"2018016",n:"01
11 12 18 25 27 + 16",nr:"27 11 25 12 18 01 +
16",bn:[1,11,12,18,25,27],sn:[16],hello[0,10,5,22,7,3,10,3,2,5,0,0,3,9,1,13,6,0,4,1,1,3,5,2,0,1,0,2,10,12,2,7,1],[55,32,6,13,16,3,2,20,26,24,5,4,8,23,1,0]beautiful:[["94","110"]],io:2018016},{it:"18-02-04",iss:"2018015",n:"11
15 20 21 26 33 + 15",nr:"11 26 21 15 20 33 +
15",bn:[11,15,20,21,26,33],sn:[15],hello[5,9,4,21,6,2,9,2,1,4,0,1,2,8,0,12,5,11,3,0,0,2,4,1,8,0,4,1,9,11,1,6,0],[54,31,5,12,15,2,1,19,25,23,4,3,7,22,0,13]beautiful:[["126","141"]],io:2018015},{it:"18-02-01",iss:"2018014",n:"09
12 20 24 28 31 + 07",nr:"09 20 31 28 12 24 +
07",bn:[9,12,20,24,28,31],sn:[7],hello[4,8,3,20,5,1,8,1,0,3,2,0,1,7,1,11,4,10,2,0,3,1,3,0,7,2,3,0,8,10,0,5,1],[53,30,4,11,14,1,0,18,24,22,3,2,6,21,46,12]beautiful:[["124","131"]],io:2018014},{it:"18-01-30",iss:"2018013",n:"06
08 13 15 22 33 + 06",nr:"08 13 33 15 22 06 +
06",bn:[6,8,13,15,22,33],sn:[6],hello[3,7,2,19,4,0,7,0,5,2,1,1,0,6,0,10,3,9,1,3,2,0,2,11,6,1,2,1,7,9,6,4,0],[52,29,3,10,13,0,4,17,23,21,2,1,5,20,45,11]beautiful:[["97","103"]],io:2018013},{it:"18-01-28",iss:"2018012",n:"11
12 13 19 26 28 + 12",nr:"12 19 26 11 28 13 +
12",bn:[11,12,13,19,26,28],sn:[12],hello[2,6,1,18,3,14,6,2,4,1,0,0,0,5,12,9,2,8,0,2,1,2,1,10,5,0,1,0,6,8,5,3,1],[51,28,2,9,12,7,3,16,22,20,1,0,4,19,44,10]beautiful:[["109","121"]],io:2018012},{it:"18-01-25",iss:"2018011",n:"03
10 21 23 27 33 + 11",nr:"27 10 03 21 23 33 +
11",bn:[3,10,21,23,27,33],sn:[11],hello[1,5,0,17,2,13,5,1,3,0,10,3,4,4,11,8,1,7,3,1,0,1,0,9,4,2,0,6,5,7,4,2,0],[50,27,1,8,11,6,2,15,21,19,0,4,3,18,43,9]beautiful:[["117","128"]],io:2018011},{it:"18-01-23",iss:"2018010",n:"01
08 17 20 21 22 + 03",nr:"21 22 08 17 01 20 +
03",bn:[1,8,17,20,21,22],sn:[3],hello[0,4,17,16,1,12,4,0,2,1,9,2,3,3,10,7,0,6,2,0,0,0,1,8,3,1,3,5,4,6,3,1,5],[49,26,0,7,10,5,1,14,20,18,4,3,2,17,42,8]beautiful:[["89","92"]],io:2018010},{it:"18-01-21",iss:"2018009",n:"05
10 17 23 26 32 + 07",nr:"10 17 26 23 05 32 +
07",bn:[5,10,17,23,26,32],sn:[7],hello[6,3,16,15,0,11,3,3,1,0,8,1,2,2,9,6,0,5,1,2,4,23,0,7,2,0,2,4,3,5,2,0,4],[48,25,26,6,9,4,0,13,19,17,3,2,1,16,41,7]beautiful:[["113","120"]],io:2018009},{it:"18-01-18",iss:"2018008",n:"05
09 10 12 17 19 + 13",nr:"05 09 17 12 10 19 +
13",bn:[5,9,10,12,17,19],sn:[13],hello[5,2,15,14,0,10,2,2,0,0,7,0,1,1,8,5,0,4,0,1,3,22,10,6,1,4,1,3,2,4,1,14,3],[47,24,25,5,8,3,41,12,18,16,2,1,0,15,40,6]beautiful:[["72","85"]],io:2018008},{it:"18-01-16",iss:"2018007",n:"13
14 20 25 27 31 + 12",nr:"31 20 13 25 27 14 +
12",bn:[13,14,20,25,27,31],sn:[12],hello[4,1,14,13,7,9,1,1,1,9,6,8,0,0,7,4,1,3,3,0,2,21,9,5,0,3,0,2,1,3,0,13,2],[46,23,24,4,7,2,40,11,17,15,1,0,12,14,39,5]beautiful:[["130","142"]],io:2018007},{it:"18-01-14",iss:"2018006",n:"02
07 08 09 17 29 + 11",nr:"09 29 17 07 08 02 +
11",bn:[2,7,8,9,17,29],sn:[11],hello[3,0,13,12,6,8,0,0,0,8,5,7,6,2,6,3,0,2,2,1,1,20,8,4,8,2,9,1,0,2,1,12,1],[45,22,23,3,6,1,39,10,16,14,0,12,11,13,38,4]beautiful:[["72","83"]],io:2018006},{it:"18-01-11",iss:"2018005",n:"02
20 21 28 31 33 + 06",nr:"31 20 21 02 33 28 +
06",bn:[2,20,21,28,31,33],sn:[6],hello[2,0,12,11,5,7,3,4,5,7,4,6,5,1,5,2,2,1,1,0,0,19,7,3,7,1,8,0,3,1,0,11,0],[44,21,22,2,5,0,38,9,15,13,1,11,10,12,37,3]beautiful:[["135","141"]],io:2018005},{it:"18-01-09",iss:"2018004",n:"14
18 19 26 30 31 + 11",nr:"31 18 30 26 14 19 +
11",bn:[14,18,19,26,30,31],sn:[11],hello[1,7,11,10,4,6,2,3,4,6,3,5,4,0,4,1,1,0,0,1,8,18,6,2,6,0,7,3,2,0,0,10,2],[43,20,21,1,4,16,37,8,14,12,0,10,9,11,36,2]beautiful:[["138","149"]],io:2018004},{it:"18-01-07",iss:"2018003",n:"01
14 16 17 20 31 + 04",nr:"16 31 20 01 14 17 +
04",bn:[1,14,16,17,20,31],sn:[4],hello[0,6,10,9,3,5,1,2,3,5,2,4,3,0,3,0,0,1,4,0,7,17,5,1,5,2,6,2,1,8,0,9,1],[42,19,20,0,3,15,36,7,13,11,24,9,8,10,35,1]beautiful:[["99","103"]],io:2018003},{it:"18-01-04",iss:"2018002",n:"07
18 24 29 31 33 + 16",nr:"07 33 18 24 31 29 +
16",bn:[7,18,24,29,31,33],sn:[16],hello[1,5,9,8,2,4,0,1,2,4,1,3,2,6,2,12,11,0,3,6,6,16,4,0,4,1,5,1,0,7,0,8,0],[41,18,19,1,2,14,35,6,12,10,23,8,7,9,34,0]beautiful:[["142","158"]],io:2018002},{it:"18-01-02",iss:"2018001",n:"01
08 11 26 28 31 + 04",nr:"28 11 26 01 31 08 +
04",bn:[1,8,11,26,28,31],sn:[4],hello[0,4,8,7,1,3,2,0,1,3,0,2,1,5,1,11,10,1,2,5,5,15,3,16,3,0,4,0,3,6,0,7,9],[40,17,18,0,1,13,34,5,11,9,22,7,6,8,33,2]beautiful:[["105","109"]],io:2018001},{it:"17-12-31",iss:"2017154",n:"05
09 13 15 18 26 + 05",nr:"15 05 18 13 26 09 +
05",bn:[5,9,13,15,18,26],sn:[5],hello[8,3,7,6,0,2,1,5,0,2,1,1,0,4,0,10,9,0,1,4,4,14,2,15,2,0,3,9,2,5,7,6,8],[39,16,17,20,0,12,33,4,10,8,21,6,5,7,32,1]beautiful:[["86","91"]],io:2017154},{it:"17-12-28",iss:"2017153",n:"07
11 12 13 18 19 + 16",nr:"13 11 07 18 19 12 +
16",bn:[7,11,12,13,18,19],sn:[16],hello[7,2,6,5,2,1,0,4,2,1,0,0,0,3,4,9,8,0,0,3,3,13,1,14,1,1,2,8,1,4,6,5,7],[38,15,16,19,1,11,32,3,9,7,20,5,4,6,31,0]beautiful:[["80","96"]],io:2017153},{it:"17-12-26",iss:"2017152",n:"06
10 23 25 26 29 + 05",nr:"29 26 23 10 06 25 +
05",bn:[6,10,23,25,26,29],sn:[5],hello[6,1,5,4,1,0,1,3,1,0,1,7,10,2,3,8,7,10,2,2,2,12,0,13,0,0,1,7,0,3,5,4,6],[37,14,15,18,0,10,31,2,8,6,19,4,3,5,30,1]beautiful:[["119","124"]],io:2017152},{it:"17-12-24",iss:"2017151",n:"02
05 07 09 11 27 + 16",nr:"09 07 27 02 11 05 +
16",bn:[2,5,7,9,11,27],sn:[16],hello[5,0,4,3,0,1,0,2,0,14,0,6,9,1,2,7,6,9,1,1,1,11,1,12,4,5,0,6,3,2,4,3,5],[36,13,14,17,10,9,30,1,7,5,18,3,2,4,29,0]beautiful:[["61","77"]],io:2017151},{it:"17-12-21",iss:"2017150",n:"06
14 19 20 21 23 + 08",nr:"20 23 19 14 21 06 +
08",bn:[6,14,19,20,21,23],sn:[8],hello[4,5,3,2,1,0,2,1,7,13,2,5,8,0,1,6,5,8,0,0,0,10,0,11,3,4,1,5,2,1,3,2,4],[35,12,13,16,9,8,29,0,6,4,17,2,1,3,28,11]beautiful:[["103","111"]],io:2017150},{it:"17-12-19",iss:"2017149",n:"05
08 15 20 27 30 + 13",nr:"30 20 05 08 27 15 +
13",bn:[5,8,15,20,27,30],sn:[13],hello[3,4,2,1,0,4,1,0,6,12,1,4,7,1,0,5,4,7,3,0,2,9,7,10,2,3,0,4,1,0,2,1,3],[34,11,12,15,8,7,28,9,5,3,16,1,0,2,27,10]beautiful:[["105","118"]],io:2017149},{it:"17-12-17",iss:"2017148",n:"04
07 11 14 29 32 + 12",nr:"07 32 11 14 04 29 +
12",bn:[4,7,11,14,29,32],sn:[12],hello[2,3,1,0,11,3,0,6,5,11,0,3,6,0,7,4,3,6,2,1,1,8,6,9,1,2,2,3,0,8,1,0,2],[33,10,11,14,7,6,27,8,4,2,15,0,34,1,26,9]beautiful:[["97","109"]],io:2017148},{it:"17-12-14",iss:"2017147",n:"03
07 20 21 25 31 + 14",nr:"25 31 07 20 03 21 +
14",bn:[3,7,20,21,25,31],sn:[14],hello[1,2,0,4,10,2,0,5,4,10,6,2,5,3,6,3,2,5,1,0,0,7,5,8,0,1,1,2,4,7,0,3,1],[32,9,10,13,6,5,26,7,3,1,14,2,33,0,25,8]beautiful:[["107","121"]],io:2017147},{it:"17-12-12",iss:"2017146",n:"01
19 25 26 27 33 + 10",nr:"01 25 27 26 33 19 +
10",bn:[1,19,25,26,27,33],sn:[10],hello[0,1,2,3,9,1,5,4,3,9,5,1,4,2,5,2,1,4,0,2,6,6,4,7,0,0,0,1,3,6,2,2,0],[31,8,9,12,5,4,25,6,2,0,13,1,32,3,24,7]beautiful:[["131","141"]],io:2017146},{it:"17-12-10",iss:"2017145",n:"02
06 12 17 25 28 + 12",nr:"17 12 28 06 25 02 +
12",bn:[2,6,12,17,25,28],sn:[12],hello[4,0,1,2,8,0,4,3,2,8,4,0,3,1,4,1,0,3,24,1,5,5,3,6,0,8,14,0,2,5,1,1,3],[30,7,8,11,4,3,24,5,1,22,12,0,31,2,23,6]beautiful:[["90","102"]],io:2017145},{it:"17-12-07",iss:"2017144",n:"03
14 16 20 31 32 + 09",nr:"16 14 32 03 20 31 +
09",bn:[3,14,16,20,31,32],sn:[9],hello[3,5,0,1,7,1,3,2,1,7,3,30,2,0,3,0,6,2,23,0,4,4,2,5,4,7,13,4,1,4,0,0,2],[29,6,7,10,3,2,23,4,0,21,11,8,30,1,22,5]beautiful:[["116","125"]],io:2017144},{it:"17-12-05",iss:"2017143",n:"04
06 09 14 20 29 + 14",nr:"14 06 29 20 04 09 +
14",bn:[4,6,9,14,20,29],sn:[14],hello[2,4,7,0,6,0,2,1,0,6,2,29,1,0,2,17,5,1,22,0,3,3,1,4,3,6,12,3,0,3,6,4,1],[28,5,6,9,2,1,22,3,26,20,10,7,29,0,21,4]beautiful:[["82","96"]],io:2017143},{it:"17-12-03",iss:"2017142",n:"08
13 14 18 23 33 + 06",nr:"23 13 14 18 08 33 +
06",bn:[8,13,14,18,23,33],sn:[6],hello[1,3,6,8,5,1,1,0,10,5,1,28,0,0,1,16,4,0,21,3,2,2,0,3,2,5,11,2,2,2,5,3,0],[27,4,5,8,1,0,21,2,25,19,9,6,28,23,20,3]beautiful:[["109","115"]],io:2017142},{it:"17-11-30",iss:"2017141",n:"01
06 07 11 13 15 + 05",nr:"07 06 11 13 01 15 +
05",bn:[1,6,7,11,13,15],sn:[5],hello[0,2,5,7,4,0,0,21,9,4,0,27,0,2,0,15,3,5,20,2,1,1,4,2,1,4,10,1,1,1,4,2,3],[26,3,4,7,0,34,20,1,24,18,8,5,27,22,19,2]beautiful:[["53","58"]],io:2017141},{it:"17-11-28",iss:"2017140",n:"21
22 25 28 29 30 + 08",nr:"28 21 22 25 29 30 +
08",bn:[21,22,25,28,29,30],sn:[8],hello[2,1,4,6,3,5,4,20,8,3,6,26,8,1,7,14,2,4,19,1,0,0,3,1,0,3,9,0,0,0,3,1,2],[25,2,3,6,27,33,19,0,23,17,7,4,26,21,18,1]beautiful:[["155","163"]],io:2017140},{it:"17-11-26",iss:"2017139",n:"02
14 20 24 28 32 + 16",nr:"28 14 24 02 20 32 +
16",bn:[2,14,20,24,28,32],sn:[16],hello[1,0,3,5,2,4,3,19,7,2,5,25,7,0,6,13,1,3,18,0,3,11,2,0,9,2,8,0,11,6,2,0,1],[24,1,2,5,26,32,18,11,22,16,6,3,25,20,17,0]beautiful:[["120","136"]],io:2017139},{it:"17-11-23",iss:"2017138",n:"01
17 24 28 32 33 + 02",nr:"28 01 24 17 32 33 +
02",bn:[1,17,24,28,32,33],sn:[2],hello[0,6,2,4,1,3,2,18,6,1,4,24,6,3,5,12,0,2,17,1,2,10,1,0,8,1,7,0,10,5,1,0,0],[23,0,1,4,25,31,17,10,21,15,5,2,24,19,16,3]beautiful:[["135","137"]],io:2017138},{it:"17-11-21",iss:"2017137",n:"05
10 20 23 26 31 + 03",nr:"26 10 23 31 05 20 +
03",bn:[5,10,20,23,26,31],sn:[3],hello[2,5,1,3,0,2,1,17,5,0,3,23,5,2,4,11,4,1,16,0,1,9,0,1,7,0,6,3,9,4,0,3,8],[22,7,0,3,24,30,16,9,20,14,4,1,23,18,15,2]beautiful:[["115","118"]],io:2017137},{it:"17-11-19",iss:"2017136",n:"03
07 10 18 21 24 + 12",nr:"03 10 18 07 24 21 +
12",bn:[3,7,10,18,21,24],sn:[12],hello[1,4,0,2,2,1,0,16,4,0,2,22,4,1,3,10,3,0,15,14,0,8,3,0,6,1,5,2,8,3,6,2,7],[21,6,11,2,23,29,15,8,19,13,3,0,22,17,14,1]beautiful:[["83","95"]],io:2017136},{it:"17-11-16",iss:"2017135",n:"01
06 07 14 18 26 + 16",nr:"07 14 18 06 01 26 +
16",bn:[1,6,7,14,18,26],sn:[16],hello[0,3,3,1,1,0,0,15,3,4,1,21,3,0,2,9,2,0,14,13,6,7,2,8,5,0,4,1,7,2,5,1,6],[20,5,10,1,22,28,14,7,18,12,2,8,21,16,13,0]beautiful:[["72","88"]],io:2017135},{it:"17-11-14",iss:"2017134",n:"04
05 11 14 28 32 + 04",nr:"28 05 04 11 14 32 +
04",bn:[4,5,11,14,28,32],sn:[4],hello[3,2,2,0,0,1,3,14,2,3,0,20,2,0,1,8,1,1,13,12,5,6,1,7,4,3,3,0,6,1,4,0,5],[19,4,9,0,21,27,13,6,17,11,1,7,20,15,12,8]beautiful:[["94","98"]],io:2017134},{it:"17-11-12",iss:"2017133",n:"06
15 17 18 23 30 + 11",nr:"30 23 18 15 17 06 +
11",bn:[6,15,17,18,23,30],sn:[11],hello[2,1,1,10,1,0,2,13,1,2,2,19,1,3,0,7,0,0,12,11,4,5,0,6,3,2,2,1,5,0,3,6,4],[18,3,8,34,20,26,12,5,16,10,0,6,19,14,11,7]beautiful:[["109","120"]],io:2017133},{it:"17-11-09",iss:"2017132",n:"02
03 05 09 13 28 + 11",nr:"09 13 05 02 03 28 +
11",bn:[2,3,5,9,13,28],sn:[11],hello[1,0,0,9,0,3,1,12,0,1,1,18,0,2,5,6,6,11,11,10,3,4,2,5,2,1,1,0,4,6,2,5,3],[17,2,7,33,19,25,11,4,15,9,0,5,18,13,10,6]beautiful:[["60","71"]],io:2017132},{it:"17-11-07",iss:"2017131",n:"01
07 10 11 26 27 + 11",nr:"07 27 10 01 11 26 +
11",bn:[1,7,10,11,26,27],sn:[11],hello[0,3,19,8,1,2,0,11,2,0,0,17,1,1,4,5,5,10,10,9,2,3,1,4,1,0,0,7,3,5,1,4,2],[16,1,6,32,18,24,10,3,14,8,0,4,17,12,9,5]beautiful:[["82","93"]],io:2017131},{it:"17-11-05",iss:"2017130",n:"05
13 14 23 25 31 + 02",nr:"31 13 05 23 25 14 +
02",bn:[5,13,14,23,25,31],sn:[2],hello[4,2,18,7,0,1,22,10,1,10,6,16,0,0,3,4,4,9,9,8,1,2,0,3,0,6,3,6,2,4,0,3,1],[15,0,5,31,17,23,9,2,13,7,18,3,16,11,8,4]beautiful:[["111","113"]],io:2017130},{it:"17-11-02",iss:"2017129",n:"05
06 09 14 21 33 + 02",nr:"14 33 09 21 06 05 +
02",bn:[5,6,9,14,21,33],sn:[2],hello[3,1,17,6,0,0,21,9,0,9,5,15,1,0,2,3,3,8,8,7,0,1,4,2,4,5,2,5,1,3,1,2,0],[14,0,4,30,16,22,8,1,12,6,17,2,15,10,7,3]beautiful:[["88","90"]],io:2017129},{it:"17-10-31",iss:"2017128",n:"02
06 13 22 29 31 + 08",nr:"22 29 02 31 13 06 +
08",bn:[2,6,13,22,29,31],sn:[8],hello[2,0,16,5,5,0,20,8,9,8,4,14,0,1,1,2,2,7,7,6,1,0,3,1,3,4,1,4,0,2,0,1,10],[13,12,3,29,15,21,7,0,11,5,16,1,14,9,6,2]beautiful:[["103","111"]],io:2017128},{it:"17-10-29",iss:"2017127",n:"14
15 21 24 27 32 + 12",nr:"21 24 14 27 32 15 +
12",bn:[14,15,21,24,27,32],sn:[12],hello[1,3,15,4,4,3,19,7,8,7,3,13,13,0,0,1,1,6,6,5,0,5,2,0,2,3,0,3,2,1,4,0,9],[12,11,2,28,14,20,6,47,10,4,15,0,13,8,5,1]beautiful:[["133","145"]],io:2017127},{it:"17-10-26",iss:"2017126",n:"01
16 17 21 27 30 + 16",nr:"21 01 27 30 16 17 +
16",bn:[1,16,17,21,27,30],sn:[16],hello[0,2,14,3,3,2,18,6,7,6,2,12,12,1,6,0,0,5,5,4,0,4,1,4,1,2,0,2,1,0,3,5,8],[11,10,1,27,13,19,5,46,9,3,14,15,12,7,4,0]beautiful:[["112","128"]],io:2017126},{it:"17-10-24",iss:"2017125",n:"01
14 23 25 29 30 + 03",nr:"25 23 14 01 29 30 +
03",bn:[1,14,23,25,29,30],sn:[3],hello[0,1,13,2,2,1,17,5,6,5,1,11,11,0,5,6,14,4,4,3,2,3,0,3,0,1,3,1,0,0,2,4,7],[10,9,0,26,12,18,4,45,8,2,13,14,11,6,3,5]beautiful:[["122","125"]],io:2017125},{it:"17-10-22",iss:"2017124",n:"02
06 11 26 28 29 + 03",nr:"28 26 02 06 29 11 +
03",bn:[2,6,11,26,28,29],sn:[3],hello[7,0,12,1,1,0,16,4,5,4,0,10,10,7,4,5,13,3,3,2,1,2,4,2,5,0,2,0,0,6,1,3,6],[9,8,0,25,11,17,3,44,7,1,12,13,10,5,2,4]beautiful:[["102","105"]],io:2017124},{it:"17-10-19",iss:"2017123",n:"04
05 06 11 21 31 + 10",nr:"06 31 04 21 11 05 +
10",bn:[4,5,6,11,21,31],sn:[10],hello[6,6,11,0,0,0,15,3,4,3,0,9,9,6,3,4,12,2,2,1,0,1,3,1,4,4,1,3,10,5,0,2,5],[8,7,26,24,10,16,2,43,6,0,11,12,9,4,1,3]beautiful:[["78","88"]],io:2017123},{it:"17-10-17",iss:"2017122",n:"11
20 21 22 24 27 + 15",nr:"22 21 27 24 20 11 +
15",bn:[11,20,21,22,24,27],sn:[15],hello[5,5,10,7,11,8,14,2,3,2,0,8,8,5,2,3,11,1,1,0,0,0,2,0,3,3,0,2,9,4,3,1,4],[7,6,25,23,9,15,1,42,5,40,10,11,8,3,0,2]beautiful:[["125","140"]],io:2017122},{it:"17-10-15",iss:"2017121",n:"11
18 19 22 24 32 + 07",nr:"32 19 22 18 24 11 +
07",bn:[11,18,19,22,24,32],sn:[7],hello[4,4,9,6,10,7,13,1,2,1,0,7,7,4,1,2,10,0,0,5,2,0,1,0,2,2,8,1,8,3,2,0,3],[6,5,24,22,8,14,0,41,4,39,9,10,7,2,53,1]beautiful:[["126","133"]],io:2017121},{it:"17-10-12",iss:"2017120",n:"08
10 15 19 23 28 + 16",nr:"10 19 08 23 28 15 +
16",bn:[8,10,15,19,23,28],sn:[16],hello[3,3,8,5,9,6,12,0,1,0,3,6,6,3,0,1,9,6,0,4,1,2,0,20,1,1,7,0,7,2,1,4,2],[5,4,23,21,7,13,15,40,3,38,8,9,6,1,52,0]beautiful:[["103","119"]],io:2017120},{it:"17-10-10",iss:"2017119",n:"09
16 21 25 26 31 + 14",nr:"31 09 25 26 21 16 +
14",bn:[9,16,21,25,26,31],sn:[14],hello[2,2,7,4,8,5,11,1,0,4,2,5,5,2,1,0,8,5,8,3,0,1,7,19,0,0,6,18,6,1,0,3,1],[4,3,22,20,6,12,14,39,2,37,7,8,5,0,51,1]beautiful:[["128","142"]],io:2017119},{it:"17-10-08",iss:"2017118",n:"08
09 15 22 30 33 + 16",nr:"22 33 09 30 15 08 +
16",bn:[8,9,15,22,30,33],sn:[16],hello[1,1,6,3,7,4,10,0,0,3,1,4,4,1,0,5,7,4,7,2,1,0,6,18,3,4,5,17,5,0,3,2,0],[3,2,21,19,5,11,13,38,1,36,6,7,4,8,50,0]beautiful:[["117","133"]],io:2017118},{it:"17-10-05",iss:"2017117",n:"01
02 08 11 14 21 + 09",nr:"11 08 02 01 14 21 +
09",bn:[1,2,8,11,14,21],sn:[9],hello[0,0,5,2,6,3,9,0,10,2,0,3,3,0,3,4,6,3,6,1,0,1,5,17,2,3,4,16,4,1,2,1,4],[2,1,20,18,4,10,12,37,0,35,5,6,3,7,49,8]beautiful:[["57","66"]],io:2017117},{it:"17-10-03",iss:"2017116",n:"02
14 20 22 30 32 + 02",nr:"14 30 22 32 02 20 +
02",bn:[2,14,20,22,30,32],sn:[2],hello[6,0,4,1,5,2,8,7,9,1,1,2,2,0,2,3,5,2,5,0,7,0,4,16,1,2,3,15,3,0,1,0,3],[1,0,19,17,3,9,11,36,24,34,4,5,2,6,48,7]beautiful:[["120","122"]],io:2017116}],rt:142,sqlt:136,pt:142})